100 2
4.154 1.233
4.028 1.187
4.046 1.375
4.080 0.964
4.031 1.096
4.154 1.094
4.054 1.288
3.898 0.802
3.916 1.165
4.063 1.055
3.996 0.859
3.771 0.871
3.806 0.984
4.008 1.206
3.974 1.160
3.973 1.200
4.264 1.137
3.958 0.935
3.770 0.801
3.564 0.782
4.001 1.087
3.997 0.795
3.980 0.847
3.700 1.302
3.870 1.083
4.426 1.033
3.990 1.013
4.074 1.012
3.996 1.311
3.705 0.832
3.772 1.324
3.796 0.973
3.729 1.003
3.857 1.063
4.519 0.877
4.089 0.964
3.984 1.012
3.967 1.428
4.114 0.656
3.806 0.919
4.021 1.228
3.757 0.928
4.070 0.528
4.005 1.115
4.099 1.072
3.786 1.289
3.677 0.890
3.913 0.802
3.971 1.317
3.795 0.841
2.687 2.114
2.642 1.755
2.670 2.204
2.582 1.651
2.508 1.935
2.496 2.210
2.708 1.679
2.366 1.932
2.538 1.980
2.640 2.399
2.326 2.109
2.632 1.878
2.468 2.004
2.892 2.004
2.576 2.535
2.457 1.579
2.415 1.894
2.627 2.005
2.978 2.397
2.364 2.025
2.250 1.973
2.826 1.909
1.986 1.974
2.476 2.187
2.085 1.892
2.510 2.104
2.635 1.908
2.747 2.223
2.480 2.121
2.754 1.967
2.327 1.725
2.428 2.294
2.634 2.116
2.453 1.778
2.755 1.789
2.249 2.296
2.567 2.234
2.447 2.075
2.308 2.064
2.792 1.955
2.823 2.132
2.394 1.903
2.591 2.142
2.345 1.900
2.534 2.048
2.168 1.588
2.306 1.931
2.511 1.603
2.601 1.925
2.652 1.925