300 2
4.209 1.151
2.956 0.656
4.241 0.869
5.679 -0.012
3.486 0.825
3.129 0.018
4.481 1.788
3.057 1.554
3.929 1.062
3.455 0.732
5.061 0.025
3.498 1.208
3.591 1.311
3.418 0.483
3.663 0.875
3.922 1.281
3.322 0.039
4.718 0.755
4.121 1.232
3.455 1.694
5.116 1.896
4.109 0.594
4.079 0.385
3.462 1.231
4.235 0.692
4.839 0.712
3.725 0.810
3.254 0.745
3.737 0.923
4.315 1.251
4.119 0.791
4.991 -0.216
3.206 0.509
4.636 1.214
4.454 0.303
4.309 1.846
2.387 1.501
4.579 0.615
3.065 0.199
2.688 1.016
4.368 2.450
3.379 0.259
3.992 1.153
3.804 1.172
4.365 0.938
2.317 1.159
2.113 1.296
2.890 1.832
5.079 1.463
3.693 0.279
5.194 2.081
5.108 0.894
4.644 0.107
3.847 0.927
4.794 1.120
3.347 0.689
2.932 1.191
3.109 1.568
3.636 0.955
4.006 0.962
3.977 1.661
3.972 0.992
3.771 0.946
3.238 0.601
4.251 1.122
3.200 -0.087
3.766 1.868
4.711 -0.392
5.325 2.165
4.064 2.998
3.625 1.884
4.033 1.487
3.221 -0.024
4.432 1.523
4.417 0.561
5.136 1.502
4.604 0.130
5.113 1.403
3.188 0.458
4.612 0.875
3.540 0.077
3.931 -0.456
2.905 0.046
4.415 1.572
2.143 0.050
3.149 1.808
3.368 1.774
4.438 1.511
3.637 0.810
3.712 0.277
4.749 0.454
4.334 1.642
4.681 0.062
3.777 1.576
2.892 1.336
3.408 1.929
3.840 1.114
4.914 -0.305
3.686 1.426
3.494 1.712
3.003 0.538
3.809 1.361
3.369 0.635
4.038 1.433
4.605 0.641
4.329 1.477
5.170 0.143
3.488 0.434
5.340 1.711
3.949 1.172
3.796 0.163
5.001 -0.029
5.092 2.571
3.433 0.998
3.591 1.462
4.025 1.775
3.274 1.336
3.207 0.671
5.320 1.545
3.132 1.503
2.909 0.400
3.974 -0.286
4.576 1.475
4.678 2.404
3.759 1.717
4.779 1.372
3.806 1.672
3.148 1.956
4.037 0.226
4.254 1.558
4.437 1.381
5.301 1.612
3.609 1.011
3.906 2.094
3.589 2.171
4.067 0.692
4.226 -1.114
2.661 0.346
5.001 1.068
3.662 0.080
3.852 1.015
2.730 0.315
3.687 0.588
3.515 0.704
4.591 0.963
2.969 -0.159
3.056 1.820
4.235 0.859
4.223 0.922
3.322 2.627
0.971 4.994
0.638 3.847
0.212 2.177
0.674 3.376
0.971 4.771
0.896 2.598
1.055 3.908
1.823 4.030
1.461 3.158
1.360 5.338
-0.451 4.983
-0.253 4.197
1.099 3.633
0.799 4.325
0.436 5.322
1.172 4.449
-0.547 2.584
0.175 4.938
1.918 3.621
1.188 2.935
1.467 3.128
1.690 3.621
1.661 3.828
0.776 4.773
0.852 5.785
0.808 3.685
0.462 4.012
0.992 3.568
0.158 2.922
1.901 5.811
0.998 3.729
1.799 3.435
0.674 4.009
1.203 3.318
1.666 4.805
1.475 5.077
0.991 4.018
1.346 2.831
0.238 3.931
-0.276 3.891
1.070 2.610
0.480 3.684
0.860 4.600
1.310 3.234
1.350 5.182
1.413 3.530
1.016 3.641
0.364 4.286
3.198 2.790
-0.122 3.907
1.332 3.042
-0.201 2.889
1.018 3.576
0.722 3.763
2.486 3.922
1.743 2.834
0.171 3.743
1.932 4.060
2.323 5.300
1.029 4.286
0.963 2.875
1.825 3.777
1.599 5.261
0.203 2.887
1.638 4.010
2.086 3.396
0.302 4.311
1.405 3.566
0.095 3.344
1.036 4.294
1.875 3.612
1.800 3.809
0.230 3.045
0.964 3.835
1.008 4.782
1.332 3.796
2.898 4.575
0.936 4.013
1.770 4.004
0.181 3.751
1.688 4.308
2.322 4.404
0.993 4.469
0.414 4.227
0.709 3.802
1.390 4.046
0.917 3.967
0.866 3.823
0.877 3.935
1.312 2.821
0.738 3.618
0.732 3.038
1.173 3.988
0.074 3.623
1.166 3.585
1.007 3.290
0.118 2.787
0.445 3.297
0.345 4.978
1.207 3.754
0.985 4.924
-0.060 4.139
1.400 3.901
0.293 4.519
0.541 4.288
1.503 4.570
1.740 2.751
1.246 4.837
0.426 4.540
-0.212 4.532
0.047 4.483
0.076 3.663
1.259 5.454
1.496 4.063
0.933 3.663
2.565 4.736
1.027 3.945
1.202 3.574
1.190 3.917
0.995 4.779
0.675 4.156
-0.587 4.386
0.773 3.737
0.931 4.312
0.428 4.435
1.281 3.988
0.920 3.082
0.272 3.523
1.598 4.282
0.746 4.243
1.472 2.603
1.186 4.770
0.559 4.309
1.366 4.959
0.803 4.320
1.765 2.887
1.381 3.361
0.540 4.311
0.440 3.669
-0.199 4.095
0.184 3.281
0.876 3.270
0.487 5.108
-0.648 4.183
1.877 5.440
1.661 4.242
2.625 4.096
0.447 4.106
1.223 5.208
1.397 5.225