100 2
6.061 1.086
5.617 6.739
4.599 1.495
0.052 9.672
8.130 6.782
8.999 0.549
1.496 9.147
2.559 2.485
6.718 6.837
7.533 9.809
4.880 3.744
4.763 3.174
0.665 4.094
1.439 5.487
1.491 8.978
1.572 3.068
1.483 1.993
8.992 4.392
4.444 7.641
1.094 6.189
1.324 2.669
5.456 0.960
7.131 1.087
7.304 8.498
6.884 8.948
2.664 2.722
4.767 0.956
6.044 7.838
4.668 7.767
6.022 3.279
0.613 0.500
7.180 9.078
4.185 7.153
6.143 7.115
4.575 6.220
0.736 7.115
0.072 6.122
4.380 5.856
6.602 8.359
9.586 7.637
9.193 4.024
8.221 0.600
3.010 5.430
2.196 3.228
2.767 1.825
9.471 4.038
5.055 3.040
7.493 4.915
1.496 9.067
6.765 3.616
5.749 5.945
1.987 8.141
1.238 6.746
4.803 5.430
2.309 4.942
8.544 5.885
7.654 2.656
3.949 0.264
4.846 9.635
0.909 1.784
4.924 8.507
6.893 4.438
0.462 1.604
6.759 0.077
3.706 6.658
9.956 4.619
8.619 2.177
2.853 3.103
2.377 5.364
7.023 8.806
4.726 9.360
5.891 8.282
1.212 9.810
8.383 8.297
9.332 1.531
6.552 8.393
1.788 9.691
8.316 5.800
5.876 7.252
6.166 7.304
0.907 6.891
2.483 7.089
4.955 2.705
9.188 7.297
8.926 3.882
4.500 8.114
5.896 0.455
1.503 8.494
3.108 2.652
1.228 8.568
3.966 9.995
1.129 8.610
5.449 2.374
0.950 0.528
8.036 2.919
5.693 6.450
4.312 2.687
9.946 5.431
6.810 3.112
9.554 8.984