300 2
6.466 5.859
0.790 6.636
3.117 9.230
1.089 9.696
0.696 0.587
0.574 4.398
9.995 6.401
5.782 9.938
6.664 7.392
5.526 0.893
6.696 6.239
8.929 7.226
0.799 6.506
9.894 0.498
0.570 1.564
9.876 1.299
7.658 8.362
3.906 8.359
0.866 5.485
4.336 4.217
2.708 3.495
1.352 2.143
2.204 2.914
3.091 2.283
3.574 1.207
0.133 2.476
2.755 7.759
9.368 0.783
1.209 8.937
2.028 7.299
0.714 9.455
6.349 4.313
3.969 4.582
4.779 8.406
3.802 7.536
2.633 6.438
8.660 1.498
1.731 6.933
6.616 9.325
7.036 3.598
9.292 3.169
6.453 8.699
2.350 0.938
4.729 9.460
2.887 1.332
4.679 9.415
8.347 9.693
7.007 1.769
7.673 8.820
7.376 6.465
5.272 1.419
7.962 1.434
8.008 5.452
4.340 2.390
6.442 7.038
9.573 9.795
0.054 9.230
8.308 3.905
1.197 9.992
7.020 6.810
6.995 8.470
9.462 0.183
8.293 4.483
5.718 1.191
1.730 1.020
6.681 8.661
7.849 1.385
3.042 5.641
2.554 0.571
8.263 2.218
8.555 4.959
8.750 1.236
0.127 9.029
2.359 1.770
4.384 8.162
8.755 5.932
5.540 8.164
5.485 3.982
2.968 2.519
8.634 2.214
0.758 8.306
3.092 7.020
4.280 9.600
5.253 9.234
5.298 6.547
9.706 5.269
6.497 4.920
7.993 1.766
1.715 8.400
6.467 7.912
6.373 3.302
7.457 2.813
7.933 4.193
1.922 4.864
1.501 5.112
9.687 3.774
4.075 6.511
0.200 0.980
7.797 4.008
1.628 9.180
3.468 1.675
7.833 8.190
6.901 9.220
9.265 9.161
8.149 3.054
8.723 8.674
1.398 7.551
0.339 1.108
2.135 6.445
1.894 7.750
1.969 9.388
6.327 8.597
5.463 0.003
8.201 6.541
6.291 2.681
4.800 1.399
4.947 9.064
9.325 4.302
6.530 2.307
3.494 4.719
2.231 1.825
0.029 4.529
1.431 5.386
3.268 4.658
3.036 3.704
0.789 6.432
6.733 3.681
9.178 4.755
9.812 2.989
3.006 6.649
8.238 0.868
9.922 6.663
5.627 5.709
3.444 5.108
5.342 2.599
2.694 1.783
2.731 8.210
1.730 4.776
9.465 9.193
7.284 8.133
3.183 2.728
5.827 0.825
1.085 3.133
1.010 5.458
6.507 1.631
3.717 3.201
5.809 7.100
6.326 8.811
5.695 4.489
9.168 2.727
2.553 7.287
6.045 8.320
3.747 9.408
6.087 0.572
9.757 7.239
8.393 2.178
2.460 0.996
1.369 8.735
9.041 8.312
7.683 5.127
5.494 6.382
5.112 0.893
3.520 7.088
9.570 9.062
9.302 1.184
0.623 4.825
8.177 8.115
4.941 3.554
1.806 4.509
9.342 4.412
9.831 9.808
2.932 4.224
5.294 5.423
9.608 4.969
6.396 6.349
7.199 0.076
6.681 9.392
5.986 3.072
2.421 6.990
4.043 9.519
3.659 7.413
3.441 7.852
8.403 6.556
5.235 7.953
4.326 6.000
2.924 3.664
2.732 5.745
2.254 7.781
3.425 3.235
7.438 1.006
3.767 9.472
3.120 8.048
9.011 9.800
2.836 0.534
8.284 5.784
9.173 9.501
6.518 5.697
1.237 7.836
3.544 7.519
3.604 9.219
3.479 4.900
5.485 4.937
6.978 8.760
3.185 7.577
1.727 0.339
6.324 1.539
2.890 8.714
4.978 3.391
7.548 2.374
0.750 2.794
2.919 3.050
2.653 8.688
8.935 9.975
6.585 2.323
7.151 6.392
8.685 0.062
2.555 6.688
9.999 5.642
6.418 6.791
2.057 9.908
0.534 6.201
5.721 5.579
5.173 1.093
2.282 9.165
5.512 1.103
8.812 2.168
0.539 1.847
4.801 0.406
4.250 5.523
8.721 1.201
6.433 0.709
1.461 9.278
1.689 6.903
6.095 9.609
3.057 4.802
3.251 7.278
5.994 8.245
8.999 9.311
9.093 0.290
4.302 3.635
5.446 2.309
5.090 6.146
6.016 1.527
5.185 0.696
2.390 3.365
3.834 3.306
4.466 6.230
6.191 3.937
0.861 7.925
9.761 4.517
1.003 8.664
2.313 8.382
2.358 3.966
3.206 7.145
8.308 5.997
3.694 0.217
9.973 3.366
3.961 5.485
6.287 8.207
2.660 6.610
3.042 0.055
2.226 9.591
9.076 1.134
9.109 2.860
5.252 3.786
0.563 0.694
1.567 4.870
9.861 6.969
0.696 1.872
9.507 1.463
4.842 7.929
8.291 5.485
2.444 3.170
1.866 1.315
5.480 6.598
6.544 3.270
9.382 7.906
7.320 8.605
0.489 7.666
7.516 5.414
6.182 2.598
8.079 7.740
7.429 4.944
4.650 8.728
7.430 5.577
1.472 5.471
4.574 6.300
5.600 2.693
4.738 7.265
2.876 0.831
5.643 3.087
7.037 9.411
8.816 2.332
9.701 6.178
4.259 1.033
7.464 1.506
9.629 1.456
5.374 5.669
8.475 4.490
2.981 1.853