100 2
4.987 8.609 9.972 4.077 9.601 3.230 8.114 0.863 1.573 0.712
8.305 0.985 9.584 5.050 8.765 7.776 5.325 8.600 2.154 5.733
2.381 6.661 5.094 4.496 8.447 6.555 5.737 2.968 8.143 5.519
5.482 9.547 0.673 1.110 8.764 6.980 1.707 2.383 9.413 9.234
2.414 2.713 7.967 9.203 0.762 6.873 6.685 7.615 8.661 6.991
7.194 0.299 4.611 9.511 8.649 1.191 5.507 4.659 9.928 9.621
7.948 0.887 6.649 2.968 4.498 7.912 4.609 1.533 7.016 1.688
1.129 7.143 6.471 4.883 5.813 3.124 3.538 4.884 7.368 0.294
4.120 7.648 1.487 6.639 7.707 8.988 6.255 9.482 9.829 3.019
1.898 0.139 6.960 0.544 1.750 8.927 6.018 0.507 5.149 1.924
8.224 0.050 3.114 6.681 7.998 5.669 5.552 5.546 9.299 6.979
9.109 7.643 5.497 7.519 0.526 3.592 8.697 3.849 0.668 6.518
5.141 1.926 1.813 7.933 6.217 0.266 3.835 0.115 5.669 3.183
8.034 7.891 5.482 0.107 4.118 9.004 7.735 5.021 7.121 8.037
3.735 9.695 1.461 8.622 0.044 8.329 9.571 8.756 4.547 8.284
0.803 3.886 0.596 7.024 8.752 5.767 6.284 3.906 3.254 9.742
0.235 2.722 5.170 0.734 2.234 3.647 8.098 6.153 2.185 6.645
9.591 7.795 0.974 1.380 1.073 0.320 3.174 4.882 0.856 8.885
4.718 7.480 8.202 2.290 2.347 5.484 3.585 7.840 6.753 4.909
5.086 6.245 2.227 5.580 8.345 4.293 4.725 2.163 0.466 6.341
3.562 5.117 2.197 2.754 4.424 8.742 6.375 4.159 9.941 0.728
3.511 8.748 8.925 3.385 2.853 0.417 5.379 7.188 6.937 7.730
1.518 6.068 9.936 0.792 7.748 4.679 7.731 5.552 1.607 2.698
3.644 3.786 8.994 4.739 4.316 1.891 8.266 3.726 7.698 6.856
6.760 7.677 1.240 9.084 0.060 1.801 2.437 4.755 1.075 2.400
0.700 3.688 8.139 3.476 2.823 6.159 2.098 6.704 6.821 0.382
5.541 8.936 1.196 6.091 2.230 9.494 3.917 3.507 1.314 5.218
3.393 7.085 1.911 1.926 6.276 3.479 8.371 1.562 5.373 4.901
4.235 1.976 0.584 6.270 2.339 0.646 3.800 6.994 0.989 3.199
3.762 4.290 5.789 8.535 3.595 1.118 3.859 5.856 8.438 6.941
8.703 6.099 2.533 4.802 1.685 2.760 7.668 7.675 0.229 7.350
6.079 7.222 8.823 9.246 1.716 5.941 1.301 2.316 8.518 1.552
3.471 7.907 7.179 7.180 0.827 7.279 7.083 6.065 4.507 3.029
0.260 9.634 8.869 7.481 0.108 5.034 5.914 6.066 0.018 7.566
5.518 6.582 0.140 7.686 7.177 9.553 2.381 8.216 6.589 7.073
1.547 1.586 6.695 7.184 6.679 3.945 3.432 4.707 9.946 3.629
0.864 2.209 8.652 4.508 2.293 8.345 9.631 4.434 3.139 4.922
8.272 2.183 0.178 8.778 5.867 9.969 0.643 8.938 1.689 3.102
3.995 2.818 4.827 8.203 1.783 6.022 2.312 5.642 0.631 4.955
8.792 5.781 4.679 0.773 9.696 6.078 4.763 6.767 5.662 1.249
6.277 2.288 0.124 0.628 6.444 7.793 6.619 6.075 4.203 0.803
0.097 9.789 6.818 4.476 4.100 1.381 6.695 0.535 1.957 4.111
2.541 5.030 5.028 9.180 4.319 6.217 6.573 3.541 4.729 2.620
2.674 2.256 3.012 3.108 2.393 3.489 7.771 5.522 5.358 5.895
0.399 5.406 9.193 7.121 1.968 9.713 9.304 8.847 5.739 6.502
4.990 7.627 4.553 6.566 6.999 4.806 0.670 1.596 6.647 9.919
0.828 0.380 6.508 9.931 7.362 8.651 6.623 9.706 9.878 8.497
4.245 6.522 4.090 2.825 9.883 3.472 8.649 8.927 2.165 4.022
2.096 3.412 5.420 2.141 2.746 2.331 3.825 3.973 3.613 4.756
4.466 5.772 3.505 7.786 1.668 6.664 3.344 0.505 1.763 0.236
5.095 2.317 1.881 2.140 3.210 8.485 8.847 7.489 1.914 7.693
7.513 0.682 8.662 9.486 2.376 4.927 0.820 9.987 5.393 3.322
9.128 4.039 9.166 8.057 6.940 6.595 7.842 3.274 6.478 6.235
9.824 0.178 5.007 1.354 3.826 2.119 4.729 7.151 3.608 2.533
7.083 0.568 9.549 3.428 6.276 8.007 8.822 9.546 0.886 7.318
7.591 3.780 6.363 5.357 7.104 6.526 5.590 3.799 6.234 8.420
0.555 0.282 1.270 1.091 9.200 7.496 4.160 4.891 0.588 6.285
4.461 0.629 8.358 9.837 3.186 6.449 6.092 6.367 3.204 0.135
8.878 2.511 1.752 2.583 0.113 3.259 5.220 6.920 9.176 6.143
2.690 8.982 3.709 9.063 0.981 1.938 7.157 8.337 3.606 6.237
6.790 3.355 3.490 5.806 3.644 2.766 1.049 1.831 3.179 2.117
5.247 6.055 6.172 3.173 8.819 0.785 4.404 9.473 8.676 1.808
4.784 0.469 9.966 0.547 5.377 2.923 0.968 7.291 9.584 5.665
3.702 7.610 1.846 7.926 1.928 6.085 9.188 7.850 1.264 4.717
9.803 0.471 7.124 7.400 8.571 2.153 3.359 6.974 4.717 5.344
1.991 1.113 7.235 1.226 7.615 3.513 0.181 0.167 9.735 4.121
2.747 0.623 7.624 6.652 8.312 7.167 0.837 5.257 3.836 2.780
5.637 0.486 9.291 6.089 7.683 8.372 2.755 5.341 7.792 7.674
2.246 8.953 6.300 5.860 0.156 0.346 8.481 4.829 1.319 0.581
4.540 0.759 1.542 0.666 9.391 9.205 2.774 7.733 3.365 3.947
5.033 6.113 9.429 9.758 9.975 5.597 8.651 0.108 9.168 7.434
2.372 9.762 7.906 8.357 1.438 0.427 6.690 1.039 1.161 3.657
3.966 6.462 1.159 0.762 9.967 4.628 1.167 7.126 6.846 7.690
1.892 6.791 4.601 6.499 3.690 6.560 1.281 4.339 4.496 3.802
9.984 6.951 0.765 1.424 2.843 6.301 0.718 1.186 0.941 9.783
2.681 2.186 3.601 3.221 9.085 6.680 5.520 7.338 0.094 6.257
0.950 8.237 4.023 6.501 5.879 5.594 7.697 9.801 3.404 7.402
7.476 8.112 9.065 8.385 8.823 7.959 0.834 5.958 4.139 9.061
4.590 1.340 3.952 5.527 1.884 9.897 4.390 3.643 4.237 5.583
6.686 8.908 1.497 2.950 3.163 2.456 3.767 9.091 5.797 9.040
4.774 9.819 5.431 1.995 2.424 1.908 3.677 4.135 6.269 2.480
3.673 5.793 0.856 5.252 4.358 3.747 0.927 5.502 1.646 1.469
5.862 0.755 2.966 5.776 6.494 1.662 7.536 6.861 1.654 1.339
3.223 3.544 6.340 2.229 6.525 4.293 6.121 5.249 3.591 4.405
7.775 3.772 4.821 2.237 3.119 7.896 3.978 9.611 0.605 8.844
0.895 1.474 7.979 5.389 1.550 9.642 6.990 9.811 4.695 4.761
0.475 9.517 9.395 5.529 6.780 1.761 2.993 4.885 6.242 1.401
6.305 7.330 6.044 4.401 5.013 6.171 0.517 7.454 4.109 4.953
5.197 7.594 6.882 9.644 2.067 6.970 3.101 6.897 8.862 1.036
5.104 8.984 7.495 3.833 5.777 3.328 3.104 6.842 5.989 3.894
8.578 6.363 0.534 5.236 2.866 3.482 8.312 2.646 3.701 4.930
0.356 5.446 8.048 3.738 4.799 3.192 5.220 9.451 3.216 1.041
0.287 1.864 9.346 2.216 7.445 5.573 2.968 9.298 2.697 7.241
6.947 7.263 3.499 3.156 7.245 2.182 0.330 1.723 2.073 1.976
6.563 3.930 0.520 5.943 8.100 9.881 1.210 0.627 2.374 6.453
2.952 8.096 4.552 3.033 5.979 4.456 4.778 1.038 1.365 8.027
1.987 7.382 2.376 5.658 2.405 4.261 6.227 0.501 7.236 0.329
4.388 3.766 2.874 9.761 5.770 1.355 7.385 9.096 1.836 0.324
2.792 4.991 3.192 6.070 5.359 2.885 2.517 3.920 4.589 7.986
6.440 1.411 1.315 2.135 7.822 6.980 1.401 7.069 8.317 3.857