% # columns="iteration, evaluation, sigma, axis ratio, bestever, best, median, worst objective function value, further objective values of best", seed=107987, Thu Jun 23 15:11:57 2022, <python>{}</python>
1 14 0.9476358356687623 1.0000486498320134 1.9333288235118062 1.9333288235118062e+00 2.774777896994248 4.810527506836817   
2 28 0.920986687566215 1.0563447877394838 1.9333288235118062 2.3215502276474704e+00 3.231070883175884 3.885282754695383   
3 42 0.9047089630873358 1.0742889234623314 1.9333288235118062 2.1901579435821401e+00 3.029748498993026 3.7236166787936917   
4 56 0.8935788611385538 1.0902224221217212 1.5378299969250704 1.5378299969250704e+00 3.0510867833324964 4.156208420297647   
5 70 0.8971533751305906 1.1098180855504167 1.5378299969250704 2.5567988105518111e+00 3.450011316740004 4.006803735417603   
6 84 0.8923090569194359 1.129124444747144 1.5378299969250704 1.8281613365989280e+00 3.099789815656847 3.9177762508317704   
7 98 0.8844941293410173 1.148660762746915 1.5378299969250704 1.9980194472982920e+00 2.5940460935046437 3.7271342480480305   
8 112 0.8787471264176532 1.1637851320767438 1.5378299969250704 2.0322923292397563e+00 3.001935343009008 4.761666350281098   
9 126 0.8772872467236794 1.1766653970153178 1.5378299969250704 1.9881323285376564e+00 3.0861861534329558 4.904953018771563   
10 140 0.8643901300472318 1.18843770575516 1.5378299969250704 1.6365995022751960e+00 3.1393333463473643 3.8584347926616003   
11 154 0.8632501990396458 1.2043053755231443 1.5378299969250704 1.8606738785015833e+00 3.1430894414376374 4.1634072459668205   
12 168 0.860949379701438 1.222016213977839 1.5378299969250704 2.3171744478703413e+00 3.1580213506010475 4.084210662058589   
13 182 0.8595463447088592 1.2436680000438034 1.5378299969250704 2.1103182152731472e+00 3.324333708085745 4.035473708657841   
14 196 0.8511880573170678 1.2550787206308334 1.5378299969250704 2.2092436258671340e+00 3.3903603780677445 4.030050129600568   
15 210 0.8417294260489516 1.2672930669412605 1.5378299969250704 1.6609821404070089e+00 2.488442055459761 5.268614493064552   
16 224 0.8366634532231711 1.2851246519138337 1.5378299969250704 1.6026296662713351e+00 2.907751233689605 4.006074996691803   
17 238 0.8326150737706516 1.29525864000886 1.5378299969250704 1.8247991307009603e+00 2.9827801299340626 4.4333691512658016   
18 252 0.8387864155355054 1.299680956453831 1.5378299969250704 1.7864711861363007e+00 2.8727326658989227 3.9488103193843926   
19 266 0.8352406121023567 1.31140852231829 1.5378299969250704 2.1475273986934069e+00 3.2619756925456844 4.221779256384284   
20 280 0.8273688499362447 1.3198074257799077 1.5378299969250704 1.9443565579518847e+00 2.8009446346844955 4.868699108596065   
21 294 0.8351516529977354 1.32162241968403 1.5378299969250704 1.8053873218468384e+00 3.094724810904094 3.9171826412927526   
22 308 0.8373459065549311 1.332140771800453 1.5378299969250704 2.0201491751409453e+00 3.0979980075737776 4.7762289603432535   
23 322 0.8281909944868128 1.3392647705985403 1.5378299969250704 2.2684150751630976e+00 2.7051487897669455 4.162263109743154   
24 336 0.8321792766309327 1.3482778993299014 1.5378299969250704 1.6451945671515917e+00 2.5946257939832993 3.852163232320305   
25 350 0.8391362152611131 1.3568028551099605 1.5378299969250704 1.8709354374189391e+00 3.053608331475461 3.794534013451535   
26 364 0.8298823568323063 1.3834451105145371 1.5378299969250704 1.8033019407447544e+00 3.0855183854677004 4.2247130237658   
27 378 0.8400782828092023 1.3959116059678804 1.5378299969250704 2.0640386567933562e+00 2.927045839203277 4.48654958172753   
28 392 0.846546349716224 1.4009661461775624 1.5378299969250704 1.8829706257515078e+00 2.7033849433260135 4.821958186722847   
29 406 0.8375003487901777 1.4056622864284738 1.5378299969250704 1.7952034545556170e+00 3.0278409928355883 4.343609899875394   
30 420 0.8177887205459264 1.4066444467493777 1.5378299969250704 2.0293520250296919e+00 2.793701091924569 4.6803503276816185   
31 434 0.7951698452584381 1.4136519129161873 1.5378299969250704 2.1760512107003840e+00 2.9345324382638847 3.8729887300748627   
32 448 0.7765757081972866 1.4281696216883937 1.3315430223455378 1.3315430223455378e+00 3.017612797333784 4.485948387930971   
33 462 0.7624531370294071 1.44050696710711 1.3315430223455378 2.4453502764250952e+00 3.3032416811004874 4.268402542511188   
34 476 0.7597755731003979 1.4484919373242895 1.3315430223455378 1.5657693758548652e+00 2.8298008596082225 4.133139636604154   
35 490 0.7607548962014498 1.4533508693605401 1.3315430223455378 1.9204165201663059e+00 3.185532730553623 4.796449262529295   
36 504 0.762008981498448 1.4491848076762306 1.3315430223455378 1.6646987613237205e+00 3.221891975230602 3.9547925264989465   
37 518 0.7638674079213155 1.4524833961209744 1.3315430223455378 2.2717570637601043e+00 2.9688317770009975 4.273019774920559   
38 532 0.7649644181070284 1.460413633541037 1.3315430223455378 1.6348246900161429e+00 3.047358186198415 3.6571546152590457   
39 546 0.7619861247531304 1.462009359865646 1.3315430223455378 2.3371641688166482e+00 2.8984192711553085 3.4613860467205173   
40 560 0.7673765124163278 1.4692111071611087 1.3315430223455378 2.1828309748651238e+00 2.8352927632934746 3.759628664364104   
41 574 0.7805936721397247 1.4737387317624047 1.3315430223455378 1.4193543855205450e+00 2.928193443301847 3.5059403729071468   
42 588 0.7979469924721946 1.4763407809420799 1.3315430223455378 2.4244546711867745e+00 3.260751953583037 3.947380398324798   
43 602 0.807404154373632 1.4878196865517799 1.3315430223455378 2.0010250806823415e+00 3.3711896894195164 4.35726829198272   
44 616 0.8059467997869819 1.490681550488419 1.3315430223455378 2.1379631652872737e+00 2.985365465864391 3.662819405119587   
45 630 0.8195488067020259 1.4967475778881265 1.2843911714465306 1.2843911714465306e+00 2.890904790240935 3.771680983140301   
46 644 0.8295671371305658 1.5115890078434178 1.2843911714465306 2.2248233808084255e+00 3.438343852151351 4.353947653407782   
47 658 0.8231757972345389 1.5178029515249687 1.2843911714465306 1.9753593575188366e+00 2.993841691695177 3.636124372777879   
48 672 0.8156499821417958 1.5313718298150818 1.2843911714465306 1.2943967433325780e+00 2.844133116963838 4.3845702120285805   
49 686 0.8110052782954951 1.5430495224702516 1.2843911714465306 1.9501881355495021e+00 2.7959269323171876 4.244211843941553   
50 700 0.7901169445428096 1.56986171500667 1.2843911714465306 1.7179637689147198e+00 2.728000448764174 3.87445904841121   
51 714 0.774871555412196 1.5727780677404348 1.2843911714465306 2.2545958895340852e+00 2.9968260472926365 3.864071142861841   
52 728 0.7479847304646493 1.5793157467097698 1.2843911714465306 1.6733486954089358e+00 2.8154096638216544 3.812862794806272   
53 742 0.7306912494082998 1.5712282355209035 1.2843911714465306 2.1250812097539549e+00 3.182158896224234 4.563308356207208   
54 756 0.7174361523610124 1.578816888362022 1.2843911714465306 2.4743689487643414e+00 2.9191059024206445 5.0366548703245115   
55 770 0.7054627224751555 1.5818422577409808 1.2843911714465306 1.9167034150932580e+00 2.7796589882205582 3.980813692727275   
56 784 0.702561156874557 1.5956102623942066 1.2843911714465306 1.9155041200877267e+00 2.8553245886655514 3.8250782615479832   
57 798 0.6876127177392535 1.6003919789367835 1.2843911714465306 1.9319878039399927e+00 3.036412637800254 4.274880470575248   
58 812 0.676006761072726 1.607095051642346 1.2843911714465306 1.4584488160670617e+00 3.0034968873704786 4.3955764725828335   
59 826 0.6757038861978701 1.6147085036188948 1.2843911714465306 2.0949232063206500e+00 2.948487429471575 3.8471049434307414   
60 840 0.6771960712608627 1.6148799733540928 1.2843911714465306 1.7327599116747832e+00 2.918272561880344 4.1170409692217085   
61 854 0.6738208739468206 1.6207841302762145 1.2843911714465306 1.6938849116716810e+00 2.6871448432792038 4.729880547780976   
62 868 0.664308899087883 1.625001761620808 1.2843911714465306 1.8160889712645107e+00 3.044385621246008 4.105187145361738   
63 882 0.6537094499411613 1.6242034928177258 1.2843911714465306 2.0933534028923422e+00 2.854417897583037 4.650959424760867   
64 896 0.6475437805615539 1.621208440729846 1.2843911714465306 1.8997333282050199e+00 3.1443671305698087 4.347120524378926   
65 910 0.6413172410763242 1.6237248582621726 1.2843911714465306 1.7774121418387081e+00 2.7472950827959206 5.2555997129919   
66 924 0.6339788930008823 1.6170844419174386 1.2843911714465306 1.7070256931958707e+00 3.1133901667423927 4.682076562422808   
67 938 0.6238758057725879 1.628529656909415 1.2843911714465306 1.9348757698545385e+00 2.852426184280772 3.780906894106536   
68 952 0.6094232822756698 1.6293416556879143 1.2843911714465306 2.0519482658567298e+00 3.090089298216303 4.3492764094980565   
69 966 0.6058635656777746 1.6331356896886966 1.2843911714465306 2.0215557381065468e+00 2.9786591732420247 3.855766869897998   
70 980 0.6099396687776096 1.6385373413583881 1.2843911714465306 1.9013926794777720e+00 2.776191160546194 3.269643386855178   
71 994 0.6094268735823293 1.6466441902406606 1.2843911714465306 1.6590141350202958e+00 2.7832075364908424 4.611529821168495   
72 1008 0.6100632556630333 1.6514057826838857 1.2843911714465306 1.3852871066755812e+00 2.982161002966585 3.8563380810829972   
73 1022 0.6132148221986505 1.6514325571450268 1.2843911714465306 2.0679024764152727e+00 2.8180530631154257 4.833864367123746   
74 1036 0.6123003091533119 1.6567409525782868 1.2843911714465306 2.1494533788068058e+00 3.0838424550090635 3.7778549263275183   
75 1050 0.6017474440851657 1.659738771184805 1.2843911714465306 1.6625844108504846e+00 2.8748187699116605 3.993522488873661   
76 1064 0.5895837079516514 1.6643019526195204 0.9909602564713363 9.9096025647133634e-01 2.673810497397204 3.342982552689179   
77 1078 0.5806529566224201 1.667723151877294 0.9909602564713363 1.9084592787609793e+00 2.678800463901287 3.593127267211931   
78 1092 0.5722841295568408 1.6611583752290766 0.9909602564713363 1.7603011995877420e+00 2.951792786899979 3.6718318271956947   
79 1106 0.5697996435090172 1.660866672369987 0.9909602564713363 1.6733013455473726e+00 2.66242081491044 3.3323735065283113   
80 1120 0.5621909125560188 1.6636690455874739 0.9909602564713363 1.7106428693539837e+00 2.6681666255261796 3.1425412475074737   
81 1134 0.5560780081116263 1.6680592174188644 0.9909602564713363 2.1316477738377588e+00 2.533964569645879 4.278890376142254   
82 1148 0.5534458944211876 1.672950501758484 0.9909602564713363 1.9868446596549654e+00 2.7503372182310803 4.038099820830888   
83 1162 0.5565453381860912 1.6761472065198944 0.9909602564713363 1.6064860586424223e+00 2.583426796795505 3.5753745286306864   
84 1176 0.5630625183566021 1.6840617059846807 0.9909602564713363 1.4190152559889961e+00 2.053784550224984 3.1635902396642095   
85 1190 0.5788746114007761 1.6909730859634884 0.9909602564713363 2.4172410336087617e+00 2.8058591179866976 4.2315096104006935   
86 1204 0.5967181584700764 1.7040951247863807 0.9909602564713363 1.8776798148783325e+00 2.6950936036611672 3.692077298027341   
87 1218 0.6089162090931214 1.7090205191227086 0.9909602564713363 2.1261316734591884e+00 2.441207724191275 3.5944489148797842   
88 1232 0.614277373988399 1.7245958200918505 0.9909602564713363 1.4414309114907482e+00 2.7972153740167505 4.26207442342029   
89 1246 0.6205266145279211 1.7352801293046929 0.9909602564713363 1.2334742695757854e+00 2.5672490908465706 4.615828529831717   
90 1260 0.6237632173839855 1.748379321942377 0.9909602564713363 1.4939150804817487e+00 2.93778921567932 4.071884969974789   
91 1274 0.6247850986324991 1.7562604336688938 0.9909602564713363 1.4303854441548562e+00 2.6047115870751187 3.817903663380172   
92 1288 0.6228788567769492 1.759655102092357 0.9909602564713363 1.2783289824376776e+00 2.5029349820496334 4.031521728998027   
93 1302 0.615730699156895 1.7636392174252453 0.9909602564713363 2.0303834736517938e+00 2.886993554129567 4.0005598210780065   
94 1316 0.617591200701842 1.7772117885453482 0.9909602564713363 2.0294127492813043e+00 2.567499827380246 3.4876370969971755   
95 1330 0.6238505725765587 1.7846218522172403 0.9909602564713363 1.4746853940693267e+00 3.203394345755506 4.257649082207102   
96 1344 0.6434055512768914 1.794002050937071 0.9909602564713363 1.2325108976864145e+00 2.9870909196154365 4.3837096038163015   
97 1358 0.6477315075501158 1.8094899914721243 0.9909602564713363 2.0572355900867922e+00 3.017190316604016 4.366954723982969   
98 1372 0.6487946262936541 1.8292081200678223 0.9909602564713363 1.5569361421522396e+00 2.7519651944481707 3.9265584563825278   
99 1386 0.6365082689479734 1.8410122980124377 0.9909602564713363 1.7205981312590826e+00 2.7500966264124393 3.501738105421838   
100 1400 0.6309169822678586 1.8501661448466795 0.9909602564713363 1.4749556592223541e+00 2.6009010062842233 4.399316094466197   
101 1414 0.6267805698741802 1.8604692273526995 0.9909602564713363 2.2415409539009881e+00 2.6702872291707456 3.511387635482273   
102 1428 0.6187212461407161 1.8619578676090245 0.9909602564713363 1.6093007038461795e+00 2.5665909788213437 3.328582226754479   
103 1442 0.5957019174360071 1.873316938460264 0.9909602564713363 1.5341826197038895e+00 2.6014971052628755 3.7851039686704566   
104 1456 0.5807391156642133 1.8733382202348996 0.9909602564713363 1.7456881665481032e+00 2.4979991559895054 4.036631182803275   
105 1470 0.5787560893939114 1.8769999112102842 0.9909602564713363 1.3863019709067483e+00 2.9009939502525715 3.9088283692899797   
106 1484 0.5746227072055639 1.8907128226834702 0.9909602564713363 1.4153088876472895e+00 2.850060819277966 3.763392714675797   
107 1498 0.5711650314771136 1.8981047694763213 0.9909602564713363 1.9611396341472145e+00 2.5789194711391366 4.220086118061245   
108 1512 0.5678824210462668 1.9083534684775685 0.9909602564713363 1.8548662175219541e+00 2.8931866453448216 3.411592438090303   
109 1526 0.5654690341330516 1.9119952673344214 0.9909602564713363 1.2431306203026991e+00 2.130803451449665 3.523453444494352   
110 1540 0.5576775407848181 1.9161518674922597 0.9909602564713363 1.4926727519935614e+00 2.0872377929566532 3.467742660950509   
111 1554 0.5486186355222774 1.9161585858338828 0.9909602564713363 1.1445670045609382e+00 2.3685501081024936 3.6109541222601176   
112 1568 0.5360910169416224 1.9081763988928182 0.9909602564713363 1.5069688886161750e+00 2.612471852550896 4.412971460619319   
113 1582 0.5293621794133303 1.9221185248870634 0.9909602564713363 1.4117116862465315e+00 2.705775783860355 3.3593398604711053   
114 1596 0.5209785764111036 1.9190674584177738 0.9909602564713363 1.3230885085329049e+00 2.427184483580198 3.7432824621068876   
115 1610 0.503345983830741 1.9273343520157662 0.9909602564713363 1.3699372580965914e+00 2.515674192588971 3.638498892555593   
116 1624 0.4882212323582904 1.9296620553830701 0.9909602564713363 1.4558329964539523e+00 2.4680831810440633 3.0147981820212983   
117 1638 0.4723385826656563 1.9485941816793304 0.9909602564713363 1.8034433838462065e+00 2.3118370779687156 2.950249946106772   
118 1652 0.46271560569758186 1.9402306722751876 0.9909602564713363 1.4601340985865228e+00 2.414220191622276 3.306415486391529   
119 1666 0.4491890319755543 1.9387862170557035 0.9909602564713363 1.6929168575763840e+00 2.2197848619838307 3.3847159354622898   
120 1680 0.44487717068803145 1.9361039626866987 0.9909602564713363 1.5146583328453196e+00 2.3458329376618123 2.828241402790922   
121 1694 0.4456095558025625 1.9343257952563866 0.9909602564713363 1.6177219906882225e+00 2.4232606363773326 3.1029194837549756   
122 1708 0.4443628148717919 1.9352431154242236 0.9909602564713363 1.4441427380946685e+00 2.2714615175265926 3.021757172951534   
123 1722 0.44197987914741305 1.9326330601222237 0.9909602564713363 1.3654585013844018e+00 2.194092721148293 2.771787724310496   
124 1736 0.4356136292540502 1.9331919873571661 0.9909602564713363 1.5220250830258149e+00 2.2174711746182165 2.7546682932734647   
125 1750 0.4323434728965275 1.9257736425998273 0.9909602564713363 1.7663758793536248e+00 2.312006010922493 3.939018776170533   
126 1764 0.42413000771347553 1.9289078369189183 0.9909602564713363 1.0625622930360854e+00 2.198410847103387 3.0518277861838206   
127 1778 0.411907044040941 1.9323220023308294 0.9909602564713363 1.5807468321683824e+00 2.0913144873389595 2.6472091097472195   
128 1792 0.400012288046581 1.9376852720544788 0.9909602564713363 1.2526965929115483e+00 2.122755683264902 2.6244584995828775   
129 1806 0.39036833575701163 1.9346543899888264 0.9909602564713363 1.2676113754924683e+00 1.9588004130400352 2.9210738479684943   
130 1820 0.3837569451146719 1.9353744169568334 0.9909602564713363 1.3858568221009875e+00 1.9554428141659004 3.6083092463542394   
131 1834 0.37940449314457364 1.9478702670740078 0.9909602564713363 1.5041629330182027e+00 2.359106052028169 3.170627571513985   
132 1848 0.3744757975507328 1.9599859683472867 0.9909602564713363 1.2807618282723388e+00 2.1497800002588408 3.8593026639833643   
133 1862 0.3699320663763282 1.97750585059983 0.8090265420877909 8.0902654208779090e-01 1.8674950716762848 2.344120543661902   
134 1876 0.3699098379332304 1.9918942583764478 0.8090265420877909 1.1028342954093622e+00 1.7275365964740843 2.6378095194127065   
135 1890 0.36806045833747264 2.0042819231080813 0.8090265420877909 1.0546464788283763e+00 1.7405694207671216 2.1105434766256095   
136 1904 0.3644382675511989 2.0013508063563483 0.8090265420877909 1.2467169062428232e+00 1.934728785616239 2.6866920822649947   
137 1918 0.35540973843442786 2.011737238219759 0.8090265420877909 1.0114209492971260e+00 2.158781676649261 2.887270647257649   
138 1932 0.34466504817890276 2.02884388219095 0.8090265420877909 1.3456080692972452e+00 1.9007490952933495 2.530116923566705   
139 1946 0.3340871552046089 2.030085920942363 0.8090265420877909 1.0988545905928451e+00 1.8202618714328445 2.7564114960617085   
140 1960 0.3260792627001379 2.0266413898445337 0.8090265420877909 1.1369131675016935e+00 1.49866143802626 2.456242291381775   
141 1974 0.31799282565752846 2.0243309115391694 0.8090265420877909 1.1869988507882674e+00 1.855324247283826 2.7277205757524996   
142 1988 0.31324945101886986 2.02980944103088 0.8090265420877909 1.3494978216378883e+00 1.6608277890512646 2.068965510001979   
143 2002 0.3061781332086194 2.0308602800579334 0.8090265420877909 1.3167025777140253e+00 1.9216439749518517 2.4777153829932264   
144 2016 0.30012604825319045 2.032119497298195 0.8090265420877909 1.2674793951236341e+00 1.9070181542288456 2.601521687031119   
145 2030 0.2978813647556016 2.03657851001743 0.8090265420877909 1.1690006477104005e+00 1.7624558728397788 2.8395584627437422   
146 2044 0.2998119465109669 2.0314862244874647 0.8090265420877909 1.1531865599506745e+00 1.7592323959083063 2.877134700175772   
147 2058 0.3043003545020678 2.031072751496283 0.8090265420877909 1.1747473027840658e+00 1.9492422020598748 2.1523756436806485   
148 2072 0.30818044367818076 2.0332805828065 0.8090265420877909 1.3853630748450221e+00 1.8627363069634195 2.882539436893817   
149 2086 0.3121092890685944 2.032831448522586 0.8090265420877909 1.3732217380206730e+00 1.9287418898061663 2.6641264892026086   
150 2100 0.3147413943248404 2.0384691495780842 0.8090265420877909 8.1945347362377174e-01 1.7646529124439332 3.1740744546703574   
151 2114 0.3155599927128877 2.041875587125428 0.8090265420877909 1.2134914724156514e+00 1.9926745785665823 2.5872643810888816   
152 2128 0.3151026908538594 2.0516194835368426 0.8090265420877909 1.4152682625568109e+00 1.9311901349576637 3.410230194711546   
153 2142 0.3124528424018805 2.0612616917122173 0.8090265420877909 8.9465952021149642e-01 1.858955521470432 2.415233012843063   
154 2156 0.3176049003103093 2.0746190386477914 0.8090265420877909 1.0900985928385067e+00 2.0355255679058244 2.6154839541456254   
155 2170 0.32672162525286386 2.0902562303880345 0.8090265420877909 1.4634524334085850e+00 2.0041198759760745 2.4771978897636764   
156 2184 0.3382156543629233 2.095645521054104 0.8090265420877909 1.1796733222238072e+00 1.996974987416154 2.6231312855213567   
157 2198 0.3464411848522197 2.1106217906948803 0.8090265420877909 1.7026194690862819e+00 1.9771757526416125 2.9459596101976517   
158 2212 0.351529307368472 2.1276117991213876 0.8090265420877909 1.3423642003788605e+00 2.101347139667009 2.7762300863563856   
159 2226 0.3551194701557788 2.1297269699829493 0.8090265420877909 1.1229266825861233e+00 2.0894715318155703 2.8076680917173666   
160 2240 0.3550814132313918 2.13446977485243 0.8090265420877909 1.4189184021329262e+00 1.9797710401308493 2.7349361051662933   
161 2254 0.3560496278985499 2.139939492401817 0.8090265420877909 1.6426103030469927e+00 2.0123816307919764 2.758468576778374   
162 2268 0.36042660122612447 2.155611745077962 0.8090265420877909 1.1263731384630462e+00 2.027487756443997 2.5771879597414618   
163 2282 0.3600772763839897 2.160187549936406 0.8090265420877909 1.5367120608411846e+00 2.0410243525878533 2.754565380985663   
164 2296 0.3641743144039222 2.1708503836361857 0.8090265420877909 9.8931714552948913e-01 2.0401186357475574 3.111798903004164   
165 2310 0.3626664550577126 2.161485386251238 0.8090265420877909 1.3022022927722712e+00 2.2302036922505746 2.575727050348201   
166 2324 0.3634375989730203 2.164017063033346 0.8090265420877909 1.2199031433476990e+00 1.719951766055589 2.4849578333479725   
167 2338 0.3681070459446198 2.1662508442392365 0.8090265420877909 1.1408917999513100e+00 1.883879377677268 2.613614731946212   
168 2352 0.3652826581662325 2.1782566936532826 0.8090265420877909 1.3122388432470404e+00 2.089706015979036 2.872343145114337   
169 2366 0.3578741465512465 2.1901482059780277 0.8090265420877909 1.2727730756426903e+00 1.89451751388458 2.557508455491874   
170 2380 0.3501474195249636 2.192438705088032 0.8090265420877909 1.5168834115953860e+00 1.8440697661628864 2.655375026719548   
171 2394 0.34392403123661097 2.1937982424620524 0.8090265420877909 1.3751797373838044e+00 1.8064611826831711 2.469073942472325   
172 2408 0.3349994237721822 2.226710517696584 0.8090265420877909 1.2190508488171523e+00 1.8470350950795655 2.9665184413534607   
173 2422 0.32661862389279417 2.232193914263616 0.8090265420877909 8.8794563949812411e-01 1.6774022766149472 2.253889253869065   
174 2436 0.3229472851395072 2.241767006297081 0.8090265420877909 1.0506879418584552e+00 1.5505776227382428 2.430402728038022   
175 2450 0.3220372176241719 2.243298940376511 0.8090265420877909 1.1110519584425300e+00 1.6501169495686128 2.4564996699495008   
176 2464 0.3221534197780035 2.246533964092431 0.8090265420877909 1.1543065735473248e+00 2.106894126125168 2.5751671325139394   
177 2478 0.3267713357092512 2.239361861776034 0.8090265420877909 1.0493666986340688e+00 1.8473425005620965 2.3771309149163624   
178 2492 0.3290685031017332 2.2434871799172798 0.8090265420877909 1.4977008004552137e+00 1.9466300818658357 2.4719413910312307   
179 2506 0.33388564526616504 2.2437159709246863 0.8090265420877909 1.1615313847669235e+00 2.0299079125089277 2.5949820349334103   
180 2520 0.34021798246430685 2.2419037370595114 0.8090265420877909 1.4067826487092083e+00 1.9202528970742212 2.8310875586444513   
181 2534 0.34469619335948315 2.236885028961597 0.8090265420877909 1.1007321082285431e+00 2.030629029225269 3.213715220009736   
182 2548 0.3514214674680807 2.2337953476851116 0.8090265420877909 1.2234223553704577e+00 1.9208477945021922 3.1498726434041675   
183 2562 0.35747640984081797 2.2329473887807882 0.8090265420877909 1.3062624518351846e+00 1.7737667959443333 2.729832168374805   
184 2576 0.3592407024695594 2.2380765665209434 0.8090265420877909 1.1853307631262524e+00 1.6806992942425065 2.6016325406493084   
185 2590 0.35911116229810136 2.2585175895412704 0.8090265420877909 1.3366134637455325e+00 1.6319689667241926 2.3639311534293235   
186 2604 0.3576806766522783 2.2551266886624957 0.8090265420877909 1.6111043678564396e+00 2.0211786717766853 2.7315278210064147   
187 2618 0.3549184065066036 2.2715521589931567 0.8090265420877909 1.1087468600519634e+00 1.805792549605573 2.612070198865533   
188 2632 0.35106547199152427 2.27772396203503 0.8090265420877909 1.2228285424168988e+00 1.7757158678377718 3.281130796141348   
189 2646 0.35005298128727474 2.2734854384861145 0.8090265420877909 1.3164093575633586e+00 2.018728321770504 2.758717312152087   
190 2660 0.34735894135090883 2.2844620826831434 0.8090265420877909 1.0991630271671866e+00 1.9836747844950895 2.6143735313816476   
191 2674 0.34887084709307387 2.276760751279427 0.8090265420877909 1.2390003406237748e+00 2.182265464155664 2.6714088563775498   
192 2688 0.34199245376227083 2.2790478227174655 0.8090265420877909 1.1555968440796813e+00 1.8856718283336908 2.462254966356718   
193 2702 0.33689727962900745 2.2839695813938863 0.8090265420877909 9.5366504954630804e-01 2.0036007433774814 2.9854176166055737   
194 2716 0.3357264146436211 2.2776821001679375 0.8090265420877909 1.3863526511430000e+00 2.2115654907625504 3.324856645941325   
195 2730 0.33493909251699133 2.277852660293356 0.8090265420877909 1.0928111561570533e+00 2.0452316581091043 2.9921941153388367   
196 2744 0.33656312276672523 2.2687919134498515 0.8090265420877909 1.4652787410513253e+00 2.077816596740435 2.9204431718456205   
197 2758 0.33461553553997014 2.2688372545397657 0.8090265420877909 1.4421958192885929e+00 2.238021298241236 2.9239014915399615   
198 2772 0.33220683532806405 2.2648034714550733 0.8090265420877909 1.5301184657060958e+00 2.1049341008586047 2.721912692737127   
199 2786 0.3328217127913097 2.2570930433924015 0.8090265420877909 1.0855258545693567e+00 1.918698526526517 2.5751691438728694   
200 2800 0.32605328163641006 2.2645343648843985 0.8090265420877909 9.4363054489876685e-01 1.7318343726736782 2.972870618676547   
201 2814 0.31770064901501927 2.2704146881488576 0.8090265420877909 9.5058811677065369e-01 1.7669202889548599 2.610408304034221   
202 2828 0.3107113384109757 2.2755260109404687 0.8090265420877909 1.1516974054147058e+00 1.638649059607594 2.4772854628934686   
203 2842 0.3066248205394676 2.274370060436859 0.8090265420877909 1.1845931617781842e+00 1.7940090714329666 2.332432516341876   
204 2856 0.30240602326677113 2.2849615475576432 0.8090265420877909 1.3525203301065702e+00 1.8048428793178282 3.0991353660400467   
205 2870 0.3034934828825736 2.2909482374435295 0.8090265420877909 8.8463703657459658e-01 1.7745291269112995 2.419161084247872   
206 2884 0.3012071209392797 2.2865151951953893 0.8090265420877909 1.1450906461158401e+00 1.7264945370786215 2.204011008786259   
207 2898 0.29520940769516246 2.2820250178503345 0.8090265420877909 1.1592129412433596e+00 1.8196905020175038 2.1649387131100357   
208 2912 0.28956471296416525 2.2727402530673637 0.8090265420877909 1.1682171423027514e+00 1.698548286773982 2.1740571498163606   
209 2926 0.2826367552398656 2.277579158626785 0.8090265420877909 1.0926017384224109e+00 1.807214024057336 2.3262458931094696   
210 2940 0.2714398879280197 2.2638767794984 0.8090265420877909 1.0561290344701426e+00 1.6976756999689098 2.3806194649617924   
211 2954 0.2675464959133725 2.2654744860521054 0.7759851350989009 7.7598513509890088e-01 1.5629060490654028 2.223434754360066   
212 2968 0.26285609626645706 2.2604724503999822 0.7759851350989009 1.0101617537289933e+00 1.6264599449943447 2.369136898250285   
213 2982 0.25689161014380346 2.2601057719634916 0.7759851350989009 8.8107565524535669e-01 1.4899873720550438 1.9913042546409434   
214 2996 0.25252791829342597 2.2754910969503794 0.7759851350989009 1.1828852007625734e+00 1.4327007294711611 1.991253349081647   
215 3010 0.24820697809684258 2.2789863508508783 0.7759851350989009 1.1313098813047970e+00 1.3609290889470103 2.178339569188683   
216 3024 0.24522745102404073 2.289672374750722 0.7759851350989009 1.2419601518187942e+00 1.573267238710832 2.3357687157712412   
217 3038 0.24227648653053135 2.305327283924266 0.7759851350989009 1.1497873090525359e+00 1.8354641440179562 2.1619208586518033   
218 3052 0.23718163894487276 2.3086252605525277 0.7759851350989009 9.5616443118698324e-01 1.6324676595913257 2.291910084399882   
219 3066 0.23215452368968523 2.3011477198538755 0.7759851350989009 9.4468879750420032e-01 1.439043570465925 1.6610914549513702   
220 3080 0.2294981674065555 2.306826166345302 0.7759851350989009 7.9652059333638825e-01 1.4573265450843338 2.0777102237790492   
221 3094 0.22900795501890858 2.310926126658908 0.7196422123562196 7.1964221235621961e-01 1.4911165174024075 2.1486373119999507   
222 3108 0.22428999711466063 2.316238878844323 0.7196422123562196 8.6517331942677467e-01 1.3191262221471525 1.6531432046855898   
223 3122 0.22476718061902526 2.305478823901051 0.7196422123562196 9.2296574922333041e-01 1.3403894401899366 1.9428590757543656   
224 3136 0.2274289510381721 2.30879965550344 0.7196422123562196 1.0214184924762133e+00 1.6378694529533748 1.9801931163787314   
225 3150 0.22906301304614282 2.3414833101030594 0.7196422123562196 1.0079183451543337e+00 1.3829124534680548 2.1530833936701828   
226 3164 0.2285898497573824 2.3452913610944046 0.534447675372118 5.3444767537211801e-01 1.1731237261724385 1.7837361545098327   
227 3178 0.2246250613257378 2.34469495054766 0.534447675372118 1.0127939615609973e+00 1.4424454709735604 2.0585754501866886   
228 3192 0.22267045199944394 2.349106831160427 0.534447675372118 8.3619395119181206e-01 1.3957802179527854 1.7087426320750025   
229 3206 0.2232964613299702 2.357919781218316 0.534447675372118 1.0090238693186167e+00 1.4806947656546545 1.9149157617705104   
230 3220 0.2219000959006403 2.358314246747836 0.534447675372118 7.7035810078043254e-01 1.3792072545742808 1.9513455625533664   
231 3234 0.21890582750051854 2.372906222030266 0.534447675372118 1.0067246167830617e+00 1.3155869652732899 1.5262035104637615   
232 3248 0.2161091307476676 2.3758765625788305 0.534447675372118 8.8190956840895574e-01 1.2681538922517315 2.1149074172385323   
233 3262 0.20944868650869916 2.382929701958662 0.534447675372118 7.7597006593339868e-01 1.2313551042478852 1.8982148262644243   
234 3276 0.20782193019853146 2.3864651136445616 0.534447675372118 9.1785656391277770e-01 1.1872988828192028 1.581656615126496   
235 3290 0.20508775749033945 2.385739820030589 0.534447675372118 8.3074571704882894e-01 1.3846285372774054 1.9449892324057356   
236 3304 0.20171976643449024 2.3960751264414126 0.534447675372118 6.9176449366020720e-01 1.256145429060568 1.7764714471360559   
237 3318 0.19656166418255586 2.401210102261419 0.534447675372118 8.8865357091515895e-01 1.163469620824521 1.8631356747286583   
238 3332 0.1923301413793162 2.4010386652473383 0.534447675372118 8.7289019582485827e-01 1.2264412255970942 1.525563009013728   
239 3346 0.18699309842178657 2.4033402512088857 0.534447675372118 7.7405385571920238e-01 1.2528502430819173 1.9707088134300135   
240 3360 0.18263400655065076 2.411139470819992 0.534447675372118 6.9458516649090629e-01 1.3139105694543836 1.5929279412949962   
241 3374 0.1779226791662997 2.4209240204971456 0.534447675372118 8.5792832940119168e-01 1.2713830029785118 1.7592867781801327   
242 3388 0.17059995259310942 2.4278882693359547 0.534447675372118 6.3548011994270270e-01 0.926045531801291 1.2303799404338494   
243 3402 0.1655568837894701 2.431198332532719 0.534447675372118 7.3144958185677122e-01 0.9884181111976929 1.2362317063430195   
244 3416 0.16079721890978751 2.4348530134586523 0.534447675372118 6.4243563743201704e-01 0.9543611137175972 1.1674637227172335   
245 3430 0.15764793221201434 2.4451975335787868 0.534447675372118 6.2671414732863295e-01 0.9436054180447261 1.2195504446763978   
246 3444 0.15304108929249732 2.439861659910803 0.5300399424125732 5.3003994241257324e-01 0.8858110182249462 1.2796494996035923   
247 3458 0.14744073037911493 2.4399811966818605 0.508660604695305 5.0866060469530505e-01 0.9383782338139881 1.7667208223354514   
248 3472 0.14286904552535007 2.439943086631107 0.508660604695305 6.2830656902094018e-01 0.8554265832118796 1.2981585641364375   
249 3486 0.1395599015435857 2.4406410488742365 0.508660604695305 5.2629875810064775e-01 0.8402607730103678 1.1454462471742395   
250 3500 0.13594949194898479 2.432158221672776 0.4648462805045334 4.6484628050453342e-01 0.811800800779654 1.0513162124975826   
251 3514 0.1353051274757499 2.4350830793724936 0.4648462805045334 6.0585791776738263e-01 0.8289833608268645 1.2603591016145836   
252 3528 0.13374747835470782 2.4395251801479296 0.4157981534180014 4.1579815341800141e-01 0.8705998222705634 1.1270987163799044   
253 3542 0.12984708501215167 2.448429546301603 0.4157981534180014 4.2829404702329460e-01 0.6304895014508421 0.9950126229132398   
254 3556 0.12832785737466212 2.45116087867488 0.4157981534180014 5.4723421679215600e-01 0.7705754806938094 0.9513766201526073   
255 3570 0.12799066290624458 2.4559641454728163 0.4157981534180014 5.4271401197809532e-01 0.8404373123601906 1.1215487768313501   
256 3584 0.12771328786241837 2.4544788394711348 0.4157981534180014 5.8525201812566097e-01 0.8266866170384048 1.2143373097834684   
257 3598 0.12556992357134847 2.469724982828539 0.4157981534180014 4.9946747671422598e-01 0.7790102963560738 1.232025625273077   
258 3612 0.1267187978506025 2.4814424916459865 0.41077282061522113 4.1077282061522113e-01 0.7495627183742817 0.9733908430170831   
259 3626 0.12822911395359463 2.4892184348925515 0.41077282061522113 4.7767058489215453e-01 0.7075664553767065 0.941735837392407   
260 3640 0.12841166988405225 2.5127718415038323 0.41077282061522113 5.1165359644763064e-01 0.7386975023034497 1.07571013498297   
261 3654 0.12772902285683932 2.525763339845848 0.41077282061522113 4.3785429562995848e-01 0.7694149851096713 1.0662177893774973   
262 3668 0.12469450849927921 2.5307207337925046 0.41077282061522113 4.6438995395605920e-01 0.7233620176816262 1.0169532093881384   
263 3682 0.122470249962006 2.5272692442340943 0.41077282061522113 4.7007101770732462e-01 0.8281820624344693 1.1012758608910436   
264 3696 0.1221207800873274 2.521999765880602 0.41077282061522113 4.8097861742336889e-01 0.8255360205605905 1.0101708074391222   
265 3710 0.1201576537212265 2.535602532877628 0.41077282061522113 4.4791947187798942e-01 0.7167116154828013 1.124446977606381   
266 3724 0.1178228891688747 2.534085033051093 0.41077282061522113 5.3217787579196763e-01 0.7526257064859354 1.0736188691553876   
267 3738 0.11568112984981396 2.5331642784223534 0.41077282061522113 4.3651282311658568e-01 0.662204527597688 0.9603844202501317   
268 3752 0.11323299695290885 2.5353747933194657 0.41077282061522113 4.9499367209424749e-01 0.662122837512406 1.0882571390137652   
269 3766 0.11078772990880655 2.542750205254414 0.3513299592826572 3.5132995928265720e-01 0.6826420618699601 0.995620160341873   
270 3780 0.10733155347894678 2.542887781987629 0.3513299592826572 4.5554885708860526e-01 0.5986399777478543 0.9339745815153699   
271 3794 0.10641894728386023 2.530644609325923 0.3513299592826572 4.5202307887648230e-01 0.6177839815632973 0.9908574421953176   
272 3808 0.10561820839204546 2.541085125768766 0.3513299592826572 4.0840458520709644e-01 0.5970915036243503 1.0401675193617936   
273 3822 0.10558836426314763 2.5515131063324197 0.3513299592826572 3.6921793092801170e-01 0.5857193366919207 1.0046606250385626   
274 3836 0.10445683421514056 2.5533572723868554 0.2654340697600016 2.6543406976000161e-01 0.6153598347554333 0.8887578158849276   
275 3850 0.10384360416516235 2.5641424391352996 0.2654340697600016 2.9329781931441684e-01 0.5449678387493575 1.0666285116386829   
276 3864 0.10153962812763369 2.59882591918423 0.2654340697600016 3.1240669501394513e-01 0.5976244844080515 0.7458851517409277   
277 3878 0.09942788325216433 2.596495796823431 0.2654340697600016 3.4657470481132413e-01 0.5582741115661717 0.7781279350963518   
278 3892 0.09789844442206294 2.5952980836978647 0.2654340697600016 3.4904654981231420e-01 0.5187774761210692 0.8748682862943391   
279 3906 0.09612268137379469 2.59824993815658 0.2654340697600016 3.5603261982044310e-01 0.4998701536971387 0.7176076432749741   
280 3920 0.09626589470441416 2.608569155049224 0.2654340697600016 3.7835008493390110e-01 0.5042636949496428 0.7454863065297388   
281 3934 0.0965570960264808 2.6184506362327373 0.1996815130469043 1.9968151304690429e-01 0.5464810292538238 0.8597000895713327   
282 3948 0.09777180360111414 2.630684555923549 0.1996815130469043 3.3155110404195687e-01 0.5980836899628099 0.7871369764969138   
283 3962 0.09810897664840226 2.6440981526024037 0.1996815130469043 2.5872659006147608e-01 0.47752399142353985 0.7237599462863441   
284 3976 0.09787523899276607 2.6551713960432437 0.1996815130469043 3.3969291302761728e-01 0.45082555809701164 0.7684330424889276   
285 3990 0.0977954842150837 2.6602323836307136 0.1996815130469043 2.3445755843077914e-01 0.49227151940772274 0.6672074675452594   
286 4004 0.09598800459362689 2.6708478946659557 0.1996815130469043 2.9873062309460041e-01 0.442178409450658 0.663599053690644   
287 4018 0.09536595737095402 2.6853929489921833 0.1996815130469043 3.1523243039435056e-01 0.5087034177416628 0.8105896917437981   
288 4032 0.09504213299151627 2.7002422047541796 0.1996815130469043 3.1143110395571738e-01 0.4226371220461119 0.5606398678283145   
289 4046 0.09328540343230687 2.7114485854766963 0.1996815130469043 2.7258330111811924e-01 0.5290216726118044 0.633762763937209   
290 4060 0.09094549073943047 2.7214149969797115 0.1996815130469043 2.5592038267513673e-01 0.4738383809288268 0.8101303951436045   
291 4074 0.09133275067946814 2.7236512010521405 0.1996815130469043 3.6655569986899517e-01 0.5324224820744275 0.862910174793295   
292 4088 0.09098348976364265 2.745004738211958 0.1996815130469043 3.2988678606837440e-01 0.4824077094307785 0.6660560117714128   
293 4102 0.0913519305221757 2.7548178602089903 0.1996815130469043 2.9235074478570089e-01 0.5566150539175766 0.7375386277256281   
294 4116 0.0901736118035795 2.7603960883019063 0.1996815130469043 3.1445895917210809e-01 0.5153735956091685 0.7896339102039945   
295 4130 0.0897925369175506 2.76723987701414 0.1996815130469043 3.8861006065046066e-01 0.4831761570597316 0.6678785462166391   
296 4144 0.0888150105389591 2.7801368673390976 0.1996815130469043 2.7841414878198112e-01 0.47059872668424574 0.6150481972711276   
297 4158 0.08877670463726872 2.7899851179663124 0.1996815130469043 3.1616196415161257e-01 0.43778561586814935 0.6322137364105997   
298 4172 0.08811532051755691 2.79281298731874 0.1996815130469043 2.4074030021269188e-01 0.485844138558491 0.6699792496533068   
299 4186 0.08732537875246613 2.7932673292176653 0.1996815130469043 3.6114000298701487e-01 0.5452305506483188 0.6806120901456525   
300 4200 0.08637564301781658 2.8187697110297916 0.1996815130469043 2.8001344268358530e-01 0.4891617958662954 0.6688621499131338   
301 4214 0.08515210330179333 2.8247313731174106 0.1996815130469043 3.5875001926071609e-01 0.5152692328515412 0.64136686113445   
302 4228 0.08395698952017644 2.834693332390471 0.1996815130469043 3.2230487843532118e-01 0.43815258530189327 0.5822428663641007   
303 4242 0.08241040144123145 2.8339688997633092 0.1996815130469043 3.0337292323958465e-01 0.4314766593454312 0.6761758193783809   
304 4256 0.08245268086553069 2.831137418363927 0.1996815130469043 2.7196752363994503e-01 0.41233941195813617 0.5515248760919059   
305 4270 0.08278913723136719 2.8388768586820894 0.1996815130469043 2.6701995642006859e-01 0.44021832894506135 0.6351700510053877   
306 4284 0.0830151348710763 2.837738874878324 0.1996815130469043 2.5386391945944242e-01 0.4504916261043075 0.5584413831804976   
307 4298 0.0820851876945619 2.8517063069783313 0.17942996484288898 1.7942996484288898e-01 0.380406323462545 0.4920841276805128   
308 4312 0.081105680251465 2.8715728233317104 0.17942996484288898 2.1597013195865533e-01 0.4251721728229446 0.7100737987678483   
309 4326 0.08094012114815968 2.8960949990956077 0.17942996484288898 2.6628244679531632e-01 0.4116047522832347 0.5073555061319749   
310 4340 0.07936168343968182 2.899435105272475 0.17942996484288898 2.8871505261481917e-01 0.38511116828012615 0.44110218941993545   
311 4354 0.07874086085996741 2.9054389332598802 0.17942996484288898 2.7066443218972536e-01 0.38102174014343204 0.6028646184086525   
312 4368 0.07818033518375841 2.9130627310784956 0.17942996484288898 2.7242988680083596e-01 0.3807551550145416 0.5539671995841869   
313 4382 0.07779211090817545 2.922902015967188 0.17942996484288898 1.9427199451876431e-01 0.36777011052704117 0.4541974181259935   
314 4396 0.0760190016988816 2.9278406544454048 0.17942996484288898 2.4027658879297753e-01 0.38164236782704736 0.4306349178840582   
315 4410 0.07414810939913295 2.94423499148013 0.17942996484288898 2.7644738334561170e-01 0.35292357471690605 0.5004783365172006   
316 4424 0.07264449536313436 2.9587103926574816 0.17942996484288898 2.1186517881014078e-01 0.3719215503157465 0.4840158275497659   
317 4438 0.07169712656240963 2.969370910129687 0.17942996484288898 2.6325799862650456e-01 0.36456362754921157 0.5284420701071629   
318 4452 0.07035251709904339 2.9653672878384345 0.17928092599181283 1.7928092599181283e-01 0.37093187134957617 0.4570606036667982   
319 4466 0.06792364969369062 2.9825179058293183 0.1652825343705478 1.6528253437054780e-01 0.35926691763852825 0.48518597700541033   
320 4480 0.06657305702836229 2.9887063958524607 0.1652825343705478 2.3369532084764072e-01 0.3712186890449638 0.4252823966349368   
321 4494 0.06488241217929244 2.9976404778942536 0.1652825343705478 2.4109478225281777e-01 0.3393568594383628 0.4389454842141782   
322 4508 0.06420522718483207 3.0078661188567426 0.1652825343705478 2.4490292160699523e-01 0.33579009664732484 0.41815509017490915   
323 4522 0.06277307985281112 3.0188586906497994 0.1652825343705478 2.0344975677993066e-01 0.3485794059278264 0.503731476317833   
324 4536 0.062373271229858585 3.019335869569866 0.1652825343705478 1.9393122362800791e-01 0.2970926189988877 0.5004267283089934   
325 4550 0.06237460205506688 3.028973765946201 0.1652825343705478 2.6263095446010420e-01 0.3011927533170478 0.45309677420739525   
326 4564 0.0630772641636801 3.031531847784555 0.1652825343705478 2.3729103989915790e-01 0.33594036998919363 0.41790411401391026   
327 4578 0.06297456234593318 3.030777425881288 0.1652825343705478 1.9285978929692754e-01 0.3123228593266787 0.47666774792822947   
328 4592 0.062154158930026376 3.047935567117375 0.1652825343705478 2.4380632014478071e-01 0.3100958129119746 0.45380193324004015   
329 4606 0.06189860966957749 3.052409963007932 0.1652825343705478 2.5784331831462370e-01 0.3358618044639004 0.5105825353028051   
330 4620 0.06116188466592947 3.0615419485149538 0.1652825343705478 1.9692573838979074e-01 0.32370982545848104 0.4329141035856534   
331 4634 0.05904164252573715 3.057941138651628 0.1652825343705478 1.6603993925556867e-01 0.31267943783502 0.5320528613664541   
332 4648 0.05709644975116784 3.060767239877776 0.1652825343705478 1.8501541357358464e-01 0.324186924803305 0.42524541613305616   
333 4662 0.05458404403864642 3.0670727656775782 0.1652825343705478 1.9717411322728701e-01 0.2587277847026758 0.4320044885519443   
334 4676 0.052438977287935985 3.069729875019031 0.1652825343705478 1.6802830942237404e-01 0.2694962399409122 0.36269409305632455   
335 4690 0.05061127209274474 3.0594651985267336 0.1652825343705478 2.2987650372847274e-01 0.3124270857002765 0.3844887850719902   
336 4704 0.04957239609877191 3.079788232740105 0.15714762505264898 1.5714762505264898e-01 0.29457846469281834 0.3898198347042151   
337 4718 0.04868651564519182 3.086521936956958 0.15714762505264898 1.9308249426211105e-01 0.2509336780479911 0.41641015600931813   
338 4732 0.048494769828031574 3.0938640684493803 0.15714762505264898 1.7838478848158318e-01 0.2477712956883158 0.36272303733757283   
339 4746 0.048368972260549446 3.110028668079414 0.15714762505264898 1.7351228591226375e-01 0.2627169341916676 0.42191181512901943   
340 4760 0.049240404297985804 3.116475282720373 0.15714762505264898 1.6126722664710480e-01 0.24506649567553854 0.36476350777265953   
341 4774 0.04953472585278226 3.123020402098603 0.15714762505264898 1.7094633232168838e-01 0.2818516069028626 0.4062993641331089   
342 4788 0.049968880150135835 3.1398022419579967 0.14446942981029753 1.4446942981029753e-01 0.29186979160752774 0.360568026503146   
343 4802 0.05088355559683759 3.157567392775577 0.14446942981029753 1.8278719326378839e-01 0.2796207493722321 0.3624070007028419   
344 4816 0.0516521314463783 3.1766354418864418 0.14446942981029753 1.6458344274525988e-01 0.22653448453264977 0.41084247942274105   
345 4830 0.05079882636949089 3.188041533219654 0.14446942981029753 1.8638425342769438e-01 0.2804486674382576 0.34452934434318316   
346 4844 0.050881075007063674 3.179066980269725 0.14446942981029753 1.5580948077251117e-01 0.2657114026151428 0.33189636553987684   
347 4858 0.05048047130135854 3.1870743289392545 0.12385172458188226 1.2385172458188226e-01 0.26106776558914246 0.4312950403143855   
348 4872 0.04972261146895258 3.2006083421725293 0.12385172458188226 1.3203588936648264e-01 0.22408366436114102 0.35962623053266407   
349 4886 0.04919043796145632 3.212751854074457 0.12385172458188226 1.7639054798076376e-01 0.262740810956875 0.4769788969261579   
350 4900 0.04876206826501832 3.2360926642025656 0.12385172458188226 1.8195554041976975e-01 0.2905264054039841 0.36518360379275605   
351 4914 0.048873833063209 3.2492382867641614 0.12385172458188226 1.9702275054748297e-01 0.30146583912707337 0.37455473796777616   
352 4928 0.049219725504793616 3.25778848475003 0.12385172458188226 1.9157034095164355e-01 0.290207945635527 0.39895407523113446   
353 4942 0.05026957430915673 3.2610856342822494 0.12385172458188226 2.1962144279057766e-01 0.28254646212801193 0.33270743371680017   
354 4956 0.050983151173245866 3.258377690057937 0.12385172458188226 2.1965269397721243e-01 0.28300579261564907 0.3969334483272105   
355 4970 0.0514666837571921 3.2695228896269537 0.12385172458188226 2.2596458614810166e-01 0.3307588775968624 0.3775154758517823   
356 4984 0.052206762810747834 3.2746141668335795 0.12385172458188226 2.1457447512292060e-01 0.31687010395390547 0.4127562075156884   
357 4998 0.053203868967237646 3.2847213233688075 0.12385172458188226 1.3312207528690917e-01 0.2886857326830181 0.4229092234944626   
358 5012 0.0539545812897051 3.3072454522227632 0.12385172458188226 1.8723984619742146e-01 0.2991801279417275 0.4029646210615203   
359 5026 0.05444919470312242 3.327612837656158 0.12385172458188226 1.8977341306119255e-01 0.2843694329806621 0.37897573676635554   
360 5040 0.055251889571915146 3.3446903636525365 0.12385172458188226 1.9374036349305507e-01 0.25023687223058133 0.38336012312915396   
361 5054 0.0553107407488128 3.3583756383313212 0.12385172458188226 1.8410322710630617e-01 0.24884911654618141 0.357866793867174   
362 5068 0.05526422115898872 3.3817588459071537 0.12385172458188226 1.8198864476427451e-01 0.26424951648713324 0.408277666050949   
363 5082 0.05472620693587164 3.4054016058082026 0.12385172458188226 1.7513262263096380e-01 0.26567040550527404 0.406966328915053   
364 5096 0.0547862709648273 3.419675879441719 0.12385172458188226 1.9677521580299107e-01 0.29171951438709426 0.4372513243770967   
365 5110 0.05422968471122049 3.443662484967304 0.12385172458188226 1.9869991591468394e-01 0.2630834404528509 0.4138029251360397   
366 5124 0.054177754546754324 3.462023720403696 0.11342715032234257 1.1342715032234257e-01 0.2772784879662763 0.40373483846089275   
367 5138 0.05443071891630657 3.4749111891885556 0.11342715032234257 1.5157026138725971e-01 0.2726892320089228 0.4354072877760652   
368 5152 0.055323821267479124 3.4775043003030146 0.11342715032234257 1.3279865727601892e-01 0.22970849364667723 0.34738362605564804   
369 5166 0.05572180484808024 3.51729255805011 0.11342715032234257 2.5135468489424734e-01 0.3225058289477223 0.6615698703757061   
370 5180 0.055905734042782894 3.534295071223182 0.11342715032234257 1.6244733213354856e-01 0.308016895427728 0.40388100053026593   
371 5194 0.055269366096696484 3.5398105604601757 0.11342715032234257 1.9159452258785137e-01 0.24746921216903017 0.34604950842416493   
372 5208 0.05494045697145098 3.5498006032420295 0.11342715032234257 1.7439478186857782e-01 0.2863997109957751 0.3343211985958521   
373 5222 0.05469603504435882 3.5547685896596244 0.11342715032234257 1.3546913302047542e-01 0.2916555535763121 0.3965284919965294   
374 5236 0.05426359099233145 3.566843539712465 0.11342715032234257 2.2130046758075850e-01 0.2735304516121049 0.39557726296678086   
375 5250 0.05354413671120633 3.5713547538810895 0.11342715032234257 1.5164746205688084e-01 0.2535037285255861 0.31188012120264746   
376 5264 0.05382402115515906 3.582424457796536 0.11342715032234257 1.5713109950985882e-01 0.26091131832607956 0.541145386199537   
377 5278 0.054728077790427515 3.592995042273425 0.11342715032234257 1.9276161906003397e-01 0.24893306869923615 0.30279803537835537   
378 5292 0.05598964521163532 3.6018424851358604 0.11342715032234257 1.5258629196558826e-01 0.24173284224303415 0.33365480857047525   
379 5306 0.0567487291922197 3.6020836482972873 0.11342715032234257 1.9120964620323966e-01 0.24974925021228844 0.35698290946768063   
380 5320 0.0572258483985702 3.6042572804179853 0.11342715032234257 1.8061954184129370e-01 0.23867922657455304 0.37326824964242555   
381 5334 0.057449080396426565 3.604771039829599 0.11342715032234257 1.4619563012299330e-01 0.24995879954273958 0.3898765270775755   
382 5348 0.05746978794316228 3.5954695084018065 0.11342715032234257 1.5206836588970729e-01 0.23532943895246972 0.3485342049042798   
383 5362 0.05717699197207708 3.62207984303307 0.11342715032234257 1.6427071586255193e-01 0.21025979346224277 0.3176209219633087   
384 5376 0.05689542076147939 3.62158757110273 0.11342715032234257 1.5707749056524223e-01 0.23412418933293855 0.4478898620714782   
385 5390 0.05568120925767827 3.635309446836976 0.11342715032234257 1.9812878570191794e-01 0.2667424771473378 0.4733958143181598   
386 5404 0.05528820528254613 3.619003277185732 0.11342715032234257 1.3831710214559079e-01 0.23551970966713676 0.662902202329012   
387 5418 0.054899302250551445 3.6317027506539548 0.11342715032234257 2.0004820341043617e-01 0.2336606752934699 0.4020226333112743   
388 5432 0.05453244379852873 3.6253025899708375 0.11342715032234257 1.4460827995635961e-01 0.2631980964285433 0.3726199834473948   
389 5446 0.05250983703904103 3.639158601154213 0.11342715032234257 2.0142289306798511e-01 0.28785814328371073 0.37536915482794364   
390 5460 0.05074707568763645 3.64631290905311 0.11342715032234257 1.4137088365333605e-01 0.22953138881418222 0.36652334250992624   
391 5474 0.049592798727986456 3.6610121425198745 0.11323973008158827 1.1323973008158827e-01 0.189339130433562 0.3034511750295946   
392 5488 0.048726184029875566 3.6662073460225195 0.11323973008158827 1.6190781251632658e-01 0.21383250733560022 0.5525335599055999   
393 5502 0.04817812869577179 3.6878553133640612 0.11323973008158827 1.3039085988671362e-01 0.23222840280586854 0.31576693858510785   
394 5516 0.047497577315585744 3.6881025689831644 0.11323973008158827 1.2768875537812097e-01 0.20532790294659464 0.3206857868009029   
395 5530 0.04711477625271756 3.696957919491615 0.11323973008158827 1.4504574526193104e-01 0.21118086758275106 0.3006919394345442   
396 5544 0.046433529204152044 3.706909172250777 0.11089220976446468 1.1089220976446468e-01 0.2143378059057115 0.2717913603285169   
397 5558 0.04562575720825367 3.709774969377189 0.11089220976446468 1.1912650629516475e-01 0.19711937879830377 0.3030276165994962   
398 5572 0.045037097912307145 3.714152718489054 0.11089220976446468 1.3843466053211473e-01 0.19857376215030575 0.2827311224585707   
399 5586 0.04425785038343494 3.7151309051225354 0.11089220976446468 1.2141491812330174e-01 0.17697914081889488 0.22479236420380933   
400 5600 0.043565864232309306 3.718236853241905 0.10858384742889882 1.0858384742889882e-01 0.17925926424637895 0.25849915685642677   
401 5614 0.04296334396032131 3.7340713438351596 0.10858384742889882 1.2937864219787665e-01 0.20378082508068318 0.2594729014256002   
402 5628 0.042611892405891395 3.7298385976298154 0.10858384742889882 1.1509366090024242e-01 0.18117811449058485 0.25851799310805534   
403 5642 0.04256484780480386 3.734545085242585 0.10858384742889882 1.1207770083154833e-01 0.15685244014369404 0.2564799010375164   
404 5656 0.042668576045350584 3.744291638369143 0.10858384742889882 1.1215110340687529e-01 0.21660146474072395 0.2560668048536556   
405 5670 0.04306646737920749 3.7524313806803486 0.10858384742889882 1.2457094233766186e-01 0.16010832612387826 0.2867682470800037   
406 5684 0.04343717811203126 3.7440921954528865 0.10858384742889882 1.2366670592480999e-01 0.20346105383560076 0.28385730021075584   
407 5698 0.04386873926693322 3.754960794931145 0.10858384742889882 1.4345086010919827e-01 0.2180355738277857 0.2998009814429039   
408 5712 0.04356174407451421 3.778152930920859 0.10858384742889882 1.1067730483617555e-01 0.16023474132088766 0.3330631965575668   
409 5726 0.04294230269856951 3.7836961791964416 0.10858384742889882 1.3111493980024880e-01 0.17656580074465067 0.24080529596781908   
410 5740 0.043069712464680686 3.7900420699587913 0.10858384742889882 1.5483610731044006e-01 0.19264259541412931 0.2498343090127214   
411 5754 0.0432783846426609 3.8016915746554396 0.10858384742889882 1.1594356240603809e-01 0.1905164311474632 0.273338373918946   
412 5768 0.04324605532506939 3.8368008005692644 0.09346558051320819 9.3465580513208191e-02 0.20558578764633562 0.2527641127943853   
413 5782 0.04277886507184479 3.8322452327318035 0.09346558051320819 1.3901782972488763e-01 0.1789968597652848 0.22905230851963254   
414 5796 0.04212292439532648 3.8369070403092413 0.09346558051320819 1.1331967097647755e-01 0.2180093938111053 0.25663927066553205   
415 5810 0.04172669963037466 3.8504563780015815 0.09346558051320819 1.4493172271715338e-01 0.1963891626526515 0.2558016878310173   
416 5824 0.040996622305629574 3.861347224359941 0.09346558051320819 1.0908818718041036e-01 0.18721711488225418 0.24940251170915095   
417 5838 0.04093609513680942 3.866098901369268 0.09346558051320819 1.2014974644195126e-01 0.17578753371725564 0.22272258791354715   
418 5852 0.03993200639486244 3.871775879611565 0.07548623101757473 7.5486231017574734e-02 0.1873523644960441 0.2319865055331335   
419 5866 0.039745588322366125 3.87416264509557 0.07548623101757473 1.0660618405703670e-01 0.1608128511847695 0.22947059621749888   
420 5880 0.03965852865478428 3.8737001780197353 0.07548623101757473 1.0400660655034810e-01 0.17291681276488635 0.20404298578674063   
421 5894 0.03962171853877624 3.8869541224097373 0.07548623101757473 1.1321614626555221e-01 0.17373155380773708 0.23033778126012783   
422 5908 0.0392909772528614 3.909518164938486 0.07548623101757473 9.6575045839901563e-02 0.17587451213843364 0.22115956669359438   
423 5922 0.039297220475843275 3.920571936834762 0.07548623101757473 1.0802670603886522e-01 0.188606999924244 0.3101721668282564   
424 5936 0.038970247169215315 3.929062936476812 0.07548623101757473 1.3282904785597760e-01 0.17103271944232956 0.33840802746662163   
425 5950 0.038141176168821754 3.9368957914172054 0.07548623101757473 1.3047147975704915e-01 0.16443945331619675 0.24313896773205168   
426 5964 0.037679668417340106 3.9434082678486777 0.07548623101757473 1.1666431104009234e-01 0.17377878210746378 0.2058235586178201   
427 5978 0.037239470028877175 3.942180488263355 0.07548623101757473 1.1027557792743353e-01 0.1698308783129593 0.23773996541249248   
428 5992 0.03742986388907423 3.950712685142632 0.07548623101757473 1.2698057991388761e-01 0.16760316022572086 0.20594202960190533   
429 6006 0.036941414147853416 3.9412461357137665 0.07548623101757473 1.0264539739048295e-01 0.18508022045507527 0.2069577305186655   
430 6020 0.03689772868986273 3.935510996495849 0.07548623101757473 1.4064700130272756e-01 0.17535447505442625 0.21425716697692282   
431 6034 0.03660966222697906 3.95649675121278 0.07548623101757473 1.0854132005575357e-01 0.17261575108515675 0.21840140443026357   
432 6048 0.03580745933146797 3.987887081664799 0.07548623101757473 1.0467797815799829e-01 0.18038586402285733 0.21708915262353723   
433 6062 0.03487822074125139 3.987363312058678 0.07548623101757473 1.0680531043947727e-01 0.15822567179493902 0.21608239981261268   
434 6076 0.0340956379785159 3.9923022546218947 0.07548623101757473 1.3491150021955550e-01 0.17309883560888784 0.23944884811934292   
435 6090 0.032747434982826285 4.002545011782404 0.07548623101757473 1.1343052644288321e-01 0.1601204853574536 0.19755240817523612   
436 6104 0.031848709857453084 4.022671521439324 0.07548623101757473 9.3034713678767145e-02 0.17054962979400368 0.28961707882623267   
437 6118 0.030796672556929798 4.031209308201751 0.07548623101757473 1.1961144638702387e-01 0.16173107262408892 0.38050119795049125   
438 6132 0.030129730314522107 4.033957157352168 0.07548623101757473 1.3799768329805606e-01 0.17521127563820915 0.1954746814980275   
439 6146 0.029708759058730345 4.021523965310555 0.07548623101757473 1.2921421712529907e-01 0.17595522694958032 0.2334030674377634   
440 6160 0.029686802776173332 4.021628242373768 0.07548623101757473 1.1230875359661596e-01 0.1578413473547155 0.29117699124810936   
441 6174 0.029109657677231483 4.012485516527719 0.07548623101757473 1.1076198549859839e-01 0.15405373728012678 0.19799262054459754   
442 6188 0.028828938206690285 4.036467380718695 0.07548623101757473 8.6038343408877116e-02 0.1498247026813343 0.17558704153768423   
443 6202 0.028372131841495087 4.041842979628011 0.07548623101757473 1.1018053395098121e-01 0.14277508041633097 0.1724363168187747   
444 6216 0.028153002565334952 4.04797452815943 0.07548623101757473 1.2481388756910883e-01 0.14819664965193785 0.22285862298744213   
445 6230 0.028110337918501017 4.078679621082385 0.07548623101757473 1.0070958920453682e-01 0.15521990051091544 0.19281150629726335   
446 6244 0.027768171898956105 4.091988969160042 0.07548623101757473 8.8517008796327012e-02 0.148120116207483 0.20260936032173654   
447 6258 0.02681417345402088 4.10234576996207 0.07548623101757473 1.0548994324820232e-01 0.14181889103022682 0.17374033101215736   
448 6272 0.026080901669356206 4.110369506481438 0.07548623101757473 1.0750785231033777e-01 0.13185239342334454 0.18032246515049694   
449 6286 0.02558337792694427 4.1547634150273245 0.07548623101757473 9.2234161854065799e-02 0.12398666718492124 0.16866840163593316   
450 6300 0.025484847132456214 4.1819929073434885 0.07548623101757473 9.1574338167462632e-02 0.12334551148596373 0.1592085969792953   
451 6314 0.025631277294261602 4.198212600197005 0.07548623101757473 9.8964005914634445e-02 0.13170204060644447 0.14670201417024875   
452 6328 0.02560287699623708 4.205632443036826 0.07548623101757473 1.1407718111771070e-01 0.12974158847764883 0.16079374188347767   
453 6342 0.025454135044053104 4.201394175546506 0.07548623101757473 8.3714137734719307e-02 0.12148877808963099 0.193577225125881   
454 6356 0.025520596085861783 4.216396605535321 0.07548623101757473 1.0125416182179919e-01 0.12527541947407395 0.15075001323751686   
455 6370 0.025414605063575228 4.227091939855879 0.07548623101757473 8.1559794431239951e-02 0.14114379878783984 0.16783079327460498   
456 6384 0.025121745824386435 4.243519312721693 0.07548623101757473 1.0752378147706826e-01 0.1429568511767596 0.16992800156264404   
457 6398 0.024609140500008432 4.255782548150066 0.07548623101757473 9.6823924401528871e-02 0.13534847409882922 0.15868324522416927   
458 6412 0.024452301492493486 4.282736124454079 0.07548623101757473 1.0172411584782937e-01 0.13113464257149082 0.14247581278239685   
459 6426 0.024360735638656594 4.313840112284643 0.07548623101757473 1.0747885831403159e-01 0.13313973001241258 0.17907180443686838   
460 6440 0.02416130959030578 4.335460662531299 0.07548623101757473 9.8221904294616913e-02 0.1396256580136454 0.17783174701120497   
461 6454 0.024449516936405128 4.346555264426116 0.07548623101757473 9.5709565327309010e-02 0.12169025879847872 0.1580493508056116   
462 6468 0.024506794458350994 4.358942860753666 0.07548623101757473 1.0536921009631872e-01 0.12561877583699044 0.19081847563698107   
463 6482 0.02438495070697089 4.353626006655296 0.07548623101757473 1.0015039899253320e-01 0.14405010351398984 0.1956105104835938   
464 6496 0.024260924290579407 4.368765073363048 0.07548623101757473 1.0008307335536371e-01 0.12570687552697246 0.16140852194674993   
465 6510 0.023891610129400345 4.395338375134539 0.07548623101757473 1.0950448054407413e-01 0.12887978263622835 0.1746400808205959   
466 6524 0.023795770472857993 4.400374590599311 0.07548623101757473 8.6492335788371122e-02 0.1339176901188951 0.18097878599634942   
467 6538 0.02372548380698882 4.399679013001641 0.07548623101757473 9.5821581957994062e-02 0.11800549646626379 0.16516145209875488   
468 6552 0.02406351322189232 4.415838246506036 0.07548623101757473 1.0042478309106029e-01 0.11394337147792477 0.16518706556385576   
469 6566 0.024170663236645264 4.448980126852461 0.07548623101757473 1.0459225404582895e-01 0.15412712699588071 0.1805420401103892   
470 6580 0.023962554396651254 4.460091750797955 0.07548623101757473 8.5759579325490609e-02 0.13077629433418203 0.16800060023779928   
471 6594 0.023979706793474533 4.457070261585263 0.07548623101757473 1.0513770111859899e-01 0.12707661343098275 0.15430467707009587   
472 6608 0.02447799324007853 4.473104018215939 0.07548623101757473 1.0074416886924664e-01 0.12898700256414952 0.18857588712786977   
473 6622 0.02458082640706541 4.490054993002373 0.07548623101757473 1.1202035162059865e-01 0.1343337308944781 0.17835811115652989   
474 6636 0.024729156296454863 4.538923125649532 0.07548623101757473 9.7368910087703764e-02 0.14066598160616273 0.1718684234095612   
475 6650 0.024889710907812602 4.561821233275338 0.07548623101757473 9.8876182670320278e-02 0.13148069449937916 0.17285565417570214   
476 6664 0.025022423790074057 4.58110630144546 0.07548623101757473 1.0516557109104019e-01 0.13478680683935262 0.15782271893459954   
477 6678 0.025239864374182807 4.594781294279605 0.07548623101757473 9.3252008880733483e-02 0.1286496958085921 0.16971923611188156   
478 6692 0.025549126501513662 4.5885141225853046 0.07548623101757473 9.5402461322006693e-02 0.12305728886239942 0.18667895905491894   
479 6706 0.02562071003815553 4.60414040918742 0.07548623101757473 9.1330614720014469e-02 0.12237215692003289 0.16502596663016778   
480 6720 0.02565318045130565 4.609630067119043 0.07548623101757473 9.3551478395986543e-02 0.1325440366369739 0.14790606295480335   
481 6734 0.025105145584440255 4.616461468168721 0.07548623101757473 1.0296964513063489e-01 0.12824361384198257 0.18856823055831395   
482 6748 0.024439115537759036 4.623133114476871 0.07548623101757473 8.4066050983409024e-02 0.13430853891390848 0.15871035421442403   
483 6762 0.02380080346427172 4.610377557154651 0.07548623101757473 9.2286031663852852e-02 0.13219612156170735 0.1510966946245108   
484 6776 0.023564822143717107 4.614018006157282 0.07548623101757473 9.6231728096044411e-02 0.12718214787024618 0.16088181132207158   
485 6790 0.023075069556010304 4.630375923747712 0.07548623101757473 1.0087698721911731e-01 0.12117128350954787 0.1680708676531607   
486 6804 0.0230078962227101 4.622889454229036 0.07548623101757473 9.5102001193829722e-02 0.11494772314091273 0.16303196570859857   
487 6818 0.022754186521979667 4.633247723888183 0.07548623101757473 9.3821374243268307e-02 0.12630276281227648 0.15632844096831855   
488 6832 0.02273958898852425 4.656331243804431 0.07548623101757473 8.9016155067072056e-02 0.12385788537593967 0.20324463893522626   
489 6846 0.02261231464599789 4.658506012471416 0.07548623101757473 8.7548851007899775e-02 0.11593998618626267 0.16931774127582466   
490 6860 0.0225457471768157 4.664316967214142 0.07548623101757473 1.0540891490832716e-01 0.13155084497813763 0.16356186393135186   
491 6874 0.02222398742619207 4.662371333109277 0.07548623101757473 8.9933028344118093e-02 0.12114661768917445 0.179435627258541   
492 6888 0.02186105207062383 4.6771309642922425 0.07548623101757473 8.9898723452433549e-02 0.13462211577114058 0.1586427057589027   
493 6902 0.021931736059480008 4.67855837670814 0.07548623101757473 8.9389850094747758e-02 0.12446241731176466 0.16628955628384212   
494 6916 0.022050141108862668 4.682469827037042 0.07548623101757473 8.9212731142468749e-02 0.11202533477588683 0.14053858201200453   
495 6930 0.021662362478228014 4.693489427961742 0.07548623101757473 9.0455540174740001e-02 0.11369964373055291 0.14121185530410602   
496 6944 0.02119462212426519 4.70749050823504 0.07548623101757473 8.1270729150075272e-02 0.10849440300252233 0.15349712232083068   
497 6958 0.02096848227068933 4.722408128252174 0.07548623101757473 9.6731346378102878e-02 0.10925181259089134 0.1413519164374042   
498 6972 0.020987249897504206 4.720731459079041 0.07548623101757473 9.7147542165794909e-02 0.13267813166832065 0.14824145072422423   
499 6986 0.021206432440362827 4.73324990503882 0.07548623101757473 9.1052381675637895e-02 0.1121598662939195 0.16019312682551357   
500 7000 0.021213033286820775 4.747052293527761 0.07548623101757473 7.6206902339545080e-02 0.10900636060255842 0.13231954428170378   
501 7014 0.020950748900355344 4.761741898748137 0.07548623101757473 9.0436607530663959e-02 0.12217722837068046 0.14705342049971803   
502 7028 0.020899862885619076 4.766160841748478 0.07548623101757473 8.1758213641887068e-02 0.12085752208730383 0.1302275999652852   
503 7042 0.02067563187793185 4.760454972371954 0.07548623101757473 9.2789116470301081e-02 0.11247630389531826 0.13704724621060538   
504 7056 0.020344896822777195 4.754312978278452 0.07548623101757473 8.8724687360042354e-02 0.10351611623364976 0.15598665199503964   
505 7070 0.02025097852390881 4.756546964612346 0.07548623101757473 8.3448058727559782e-02 0.1132930416676724 0.13995671614583682   
506 7084 0.02004602785583657 4.783337848025012 0.07548623101757473 9.1160089701635472e-02 0.10763229380885564 0.12743270896073244   
507 7098 0.019708689887789833 4.788354267608165 0.07548623101757473 8.7962037688975814e-02 0.11177824015982796 0.134085638383731   
508 7112 0.01936176860735705 4.776229427811717 0.07031011782365776 7.0310117823657758e-02 0.11532539702620026 0.13155935254097006   
509 7126 0.019169432662874655 4.79502917550375 0.07031011782365776 8.7966981371313091e-02 0.10979642297670344 0.13116312537675906   
510 7140 0.019042819297995457 4.7827307642628725 0.07031011782365776 7.8420405766334356e-02 0.10297911535458265 0.12425517524221708   
511 7154 0.01904552686541187 4.800992456096964 0.07031011782365776 8.3734230282162647e-02 0.09802532114564322 0.12043517863121389   
512 7168 0.018809845256953478 4.790311098804856 0.07031011782365776 7.8837380903396814e-02 0.10658097557602475 0.13221175600846768   
513 7182 0.018670853302368732 4.804697920384645 0.07031011782365776 7.2929376794417911e-02 0.10280785891512656 0.1375922953069718   
514 7196 0.018474889668566356 4.799855039034568 0.07031011782365776 8.2882140412658845e-02 0.10079223217815159 0.14231504289133035   
515 7210 0.01844843492492598 4.824997717082487 0.07031011782365776 9.1529331560608829e-02 0.1065056206744156 0.15658788447164584   
516 7224 0.018458843116018454 4.831519874940476 0.07031011782365776 8.6690745561095239e-02 0.09659284738671714 0.12566239688549097   
517 7238 0.018578256708062586 4.845476664683177 0.07031011782365776 7.5314769999659026e-02 0.10617705793046006 0.1295589047797875   
518 7252 0.019051159699108998 4.851911457001968 0.07031011782365776 8.1208509123990247e-02 0.10215859497886598 0.15058049508300525   
519 7266 0.019379509633849972 4.8825437240826774 0.07031011782365776 7.5726576275487678e-02 0.10657481847951783 0.12673264322653088   
520 7280 0.019748264714938436 4.866806604447954 0.07031011782365776 9.0941759654955601e-02 0.1071865620503038 0.1466941789950516   
521 7294 0.020268909603678997 4.866705438448568 0.07031011782365776 8.4036911829721672e-02 0.10378904395301014 0.11932875182413799   
522 7308 0.020836564316411392 4.864695444495675 0.07031011782365776 8.3689454061725232e-02 0.120921899439705 0.1471632555778855   
523 7322 0.021270129680175737 4.86692936550234 0.07031011782365776 9.1233891959453584e-02 0.10844414792208301 0.12383591994370974   
524 7336 0.02152410374739314 4.8854985889430305 0.07031011782365776 9.2696647819790590e-02 0.1207060554460449 0.14515114244168614   
525 7350 0.021548743820718842 4.890531550999793 0.07031011782365776 8.9473553014831730e-02 0.11911914461284295 0.14132553453096008   
526 7364 0.02153465473014391 4.896760361359262 0.07031011782365776 8.2044115434189824e-02 0.10707465801553434 0.14775515689927643   
527 7378 0.02135884757260469 4.904258180056285 0.07031011782365776 8.0803532539619416e-02 0.10379422030526053 0.1349724784231895   
528 7392 0.021279492160113454 4.88456281312384 0.07031011782365776 7.4468320301704083e-02 0.12794977088307113 0.16160793159083342   
529 7406 0.021102703202218697 4.868165433723206 0.07031011782365776 8.7540595727690462e-02 0.11785078060005355 0.1329684550030535   
530 7420 0.020958810336691013 4.855450165440254 0.07031011782365776 9.2324731841940011e-02 0.10774661576937017 0.13890421939835007   
531 7434 0.02116711955898456 4.8342081783473905 0.07031011782365776 8.9891135538433975e-02 0.10361261842955272 0.14871747207750563   
532 7448 0.021401566743299204 4.841035100657863 0.07031011782365776 1.0433255958516113e-01 0.1282271533794097 0.14894854116134398   
533 7462 0.02145074225006147 4.8665518365672655 0.07031011782365776 7.6153186142739415e-02 0.11956149638825209 0.14675082933818834   
534 7476 0.02157797055640373 4.866984328362246 0.07031011782365776 7.9559612433466653e-02 0.11093787578404785 0.14909034619031408   
535 7490 0.021951449583817135 4.883070451367806 0.07031011782365776 7.6990517476921427e-02 0.11009403381964922 0.14043256951631589   
536 7504 0.022265235715755075 4.902776947730634 0.07031011782365776 9.2296487914952929e-02 0.11516604803407443 0.14344497588394328   
537 7518 0.022672621402272428 4.911956945994193 0.07031011782365776 8.1911546231908050e-02 0.11348445266165491 0.1527018808533474   
538 7532 0.022812778225001544 4.946282846322844 0.07031011782365776 7.8501030253891491e-02 0.1125424175435335 0.13353345259877536   
539 7546 0.023029780488714832 4.96930343217735 0.07031011782365776 8.2436065216301868e-02 0.11158029645610706 0.13680982030972294   
540 7560 0.02333939411428856 4.97452615425728 0.07031011782365776 8.2498529146939170e-02 0.10965165501203855 0.1541124574140973   
541 7574 0.023210589982206133 4.969930088256284 0.07031011782365776 7.7927692923374314e-02 0.10291330284502137 0.12483842410014628   
542 7588 0.022960285792290834 4.976736262262027 0.07031011782365776 7.1821518724135502e-02 0.10265818246867786 0.12515615844686478   
543 7602 0.022780895017998008 4.980576378436663 0.07031011782365776 8.1619367601683646e-02 0.11083993678687337 0.1451251365366829   
544 7616 0.022572082924113415 4.992665512466785 0.07031011782365776 7.0450818734045739e-02 0.10002360617212114 0.1323285788654815   
545 7630 0.022177109718077827 4.98643319372847 0.06873882551412902 6.8738825514129021e-02 0.10881104359292237 0.12969845639541905   
546 7644 0.02182508587827037 5.007365690205123 0.06873882551412902 8.3790944579691384e-02 0.10011594902955356 0.12844883937779705   
547 7658 0.02148278240668557 5.045975496508246 0.06873882551412902 9.0113699307372896e-02 0.10555166998483712 0.15192654656134108   
548 7672 0.021015963652161615 5.073656274891922 0.06873882551412902 8.1831026722760103e-02 0.10495930279763926 0.12165549866620007   
549 7686 0.020542156022027514 5.101807939207593 0.06873882551412902 9.0345912754210278e-02 0.10772786952926572 0.12332565111592209   
550 7700 0.02008365370597888 5.110972733461197 0.06873882551412902 9.2292482646408436e-02 0.10520878761901897 0.11662469743046433   
551 7714 0.01964681214222354 5.109050342835097 0.06873882551412902 7.6978019237182949e-02 0.10216129993432 0.13528555723467361   
552 7728 0.019017512789091924 5.131922734529641 0.06873882551412902 7.5384670483424232e-02 0.09699439940021931 0.10913559412761376   
553 7742 0.01841822080921314 5.13171674601881 0.06873882551412902 7.9536592968495134e-02 0.09490314220451801 0.10294061700270785   
554 7756 0.01785644111138156 5.127270349960692 0.06873882551412902 7.8248641771384353e-02 0.09315034841680891 0.10450255345345327   
555 7770 0.017515806019066035 5.116346332380402 0.06873882551412902 8.3143812780966164e-02 0.10581326701951033 0.12179514790219281   
556 7784 0.017379839827612927 5.126425481054399 0.06873882551412902 8.5833323922752669e-02 0.09819282527712436 0.11899972402915987   
557 7798 0.016855613981580673 5.132630711404495 0.06873882551412902 7.6797137955134098e-02 0.09704599512353618 0.11666899508671014   
558 7812 0.016136911112719567 5.124282131560587 0.06873882551412902 8.1599229950793384e-02 0.09992031702249515 0.11050557675357708   
559 7826 0.015706449062322922 5.100219089539887 0.06873882551412902 7.0158938582772334e-02 0.0959395410174253 0.11386734510609509   
560 7840 0.015273308550122752 5.096574907074218 0.06873882551412902 7.7244533852372621e-02 0.09027111100546292 0.14393287097600915   
561 7854 0.014952362126125853 5.122024197226827 0.06873882551412902 7.6881241928852928e-02 0.09281222861296423 0.10553363774692359   
562 7868 0.014768039441389342 5.147619123515371 0.06873882551412902 7.4030591136792223e-02 0.09141828024459697 0.1009245653419567   
563 7882 0.014558837504265317 5.141092868491834 0.06873882551412902 7.6631284329927718e-02 0.09849089976380065 0.10707744215286896   
564 7896 0.014376198106020484 5.145437295968189 0.06873882551412902 7.6999680339347454e-02 0.09438050448044877 0.11766817333170176   
565 7910 0.014167303934095177 5.160094480365185 0.06873882551412902 7.0537811886762225e-02 0.09350464784420265 0.10843930787905698   
566 7924 0.014072127469549034 5.169442602533694 0.06873882551412902 7.6749867558391083e-02 0.0928243154856988 0.10129663257745802   
567 7938 0.013986905354137652 5.174257778858766 0.06873882551412902 7.5262194975582841e-02 0.087826986196049 0.0949035634776979   
568 7952 0.013774296306990076 5.19272101765277 0.06873882551412902 8.6276035502612980e-02 0.09533216452912485 0.1075019658268958   
569 7966 0.01367702199837136 5.189406589884529 0.06873882551412902 8.0205502479900437e-02 0.09663219930794054 0.10638466051663031   
570 7980 0.013623620508636464 5.184832157330585 0.06873882551412902 8.2107686260307622e-02 0.09141043429477846 0.10387840484457112   
571 7994 0.013355213748924113 5.183078181429279 0.06873882551412902 8.2734895281494691e-02 0.09008212320306452 0.11194090612325325   
572 8008 0.013069941534437338 5.180768241533527 0.06873882551412902 7.9797080003023435e-02 0.0914376936975716 0.10562612413930494   
573 8022 0.01276470041616312 5.168880254451556 0.06873882551412902 7.1033711354979823e-02 0.09342526795753081 0.11421066568425331   
574 8036 0.012459969699519105 5.16809615384601 0.06767887471013401 6.7678874710134007e-02 0.088821133760706 0.1049150504117623   
575 8050 0.01220640017474259 5.163504430972841 0.06767887471013401 7.8255995822216873e-02 0.09118273017650891 0.10043300940590805   
576 8064 0.012007368892418074 5.182195001480234 0.06767887471013401 7.7216073936083429e-02 0.0916063553837222 0.10860070472960037   
577 8078 0.011964976487747548 5.181942727525664 0.06767887471013401 7.2800681175992032e-02 0.08526289091084405 0.10610774254380795   
578 8092 0.011772441379720137 5.203926377993783 0.06767887471013401 7.8727532000393063e-02 0.09125652580784904 0.10144157864976144   
579 8106 0.011351760545460901 5.205094146012427 0.06767887471013401 8.1506331641334362e-02 0.09234823092457889 0.10649660590327514   
580 8120 0.011034318240039549 5.215927828642552 0.06767887471013401 7.5007535281524818e-02 0.08833829091780565 0.10316447709696364   
581 8134 0.010765766889930556 5.230904449922285 0.06767887471013401 7.0581891313530543e-02 0.08727473410813136 0.10410748025311223   
582 8148 0.010633197934388244 5.2321739286279145 0.06767887471013401 7.5113434689710545e-02 0.0837407233388936 0.09309840384618584   
583 8162 0.010536481437272866 5.238985185357844 0.06767887471013401 7.8785799083325725e-02 0.08370588136399548 0.10042841983664819   
584 8176 0.010473320010447104 5.244072739032793 0.06767887471013401 7.4328949536657363e-02 0.08308530810188419 0.09846390091497137   
585 8190 0.010386738858886364 5.272063068152335 0.06767887471013401 7.2333337494679184e-02 0.08114321160262916 0.08554500596278869   
586 8204 0.010230781203665782 5.2860575002431744 0.06767887471013401 7.0996828895766306e-02 0.08203497487415634 0.09165423811513673   
587 8218 0.010039546199137524 5.261579584456909 0.06767887471013401 7.6473045387140393e-02 0.0855536823666142 0.09019896532452343   
588 8232 0.009793921588448731 5.263593815632677 0.06767887471013401 7.3718433513152104e-02 0.08339898327744455 0.10191954420261418   
589 8246 0.00955031867702491 5.273014191460121 0.06767887471013401 7.1793501027306639e-02 0.07941993433807948 0.0875085685344017   
590 8260 0.00950208498504759 5.2811214086294305 0.06767887471013401 7.1227389358304083e-02 0.08182419375611438 0.08653085782136882   
591 8274 0.009416617780238324 5.318619352218003 0.06767887471013401 7.4627509207736087e-02 0.07978052534378038 0.10189047946336427   
592 8288 0.009419669311874565 5.322682580709964 0.06767887471013401 7.0326173365357403e-02 0.0839831960235844 0.08817566455639253   
593 8302 0.009365246668332178 5.3492005343775055 0.06767887471013401 6.8804582976753625e-02 0.08074081504752462 0.09324916897721658   
594 8316 0.009261485907962367 5.37087248103317 0.06767887471013401 6.9457713922475461e-02 0.07773434617335195 0.09039823004309921   
595 8330 0.009122615476575313 5.369131136595857 0.06767887471013401 7.2464310402338028e-02 0.08073524389757636 0.09044428162758211   
596 8344 0.00893479835456441 5.404528299044398 0.06767887471013401 7.0726235302071561e-02 0.084203469124563 0.08822827780795173   
597 8358 0.008895707426155999 5.410898899874388 0.06656074758728325 6.6560747587283253e-02 0.0784994572494907 0.08492764218733595   
598 8372 0.008727235003045331 5.443232725312858 0.06656074758728325 6.9815141910158807e-02 0.07911993971520903 0.08810150191103172   
599 8386 0.008504967958555688 5.458369494769668 0.06322104855895883 6.3221048558958826e-02 0.07602295301266104 0.08700273220945065   
600 8400 0.00826860629099487 5.4887808204581905 0.06322104855895883 6.5499261500179373e-02 0.07305787878652581 0.08142284847690673   
601 8414 0.00818670807538136 5.496842031973672 0.06322104855895883 6.8443646713707063e-02 0.07105712868791114 0.08037113288658526   
602 8428 0.008113502234607686 5.560624172869891 0.06322104855895883 6.5592225721391895e-02 0.07643541197060899 0.08019658726431134   
603 8442 0.008073945024499913 5.557350321301457 0.06322104855895883 6.3994816062673654e-02 0.07355056309463093 0.09327575224309315   
604 8456 0.008200013359818518 5.560988615127552 0.06322104855895883 7.0623559475995079e-02 0.07721280407658604 0.08730266387227403   
605 8470 0.0083017559855716 5.569034757656024 0.06322104855895883 6.6283477185094308e-02 0.07366876840568559 0.07613127018649701   
606 8484 0.008392479690585266 5.574219529202417 0.06322104855895883 6.6142787782525747e-02 0.07805241526770235 0.08904610006607472   
607 8498 0.00840825255525399 5.594088243299527 0.06322104855895883 6.8706431550370095e-02 0.07827459544799309 0.08452344053248861   
608 8512 0.008355324524045514 5.60175411098235 0.06322104855895883 6.5980713315472506e-02 0.07673209549368665 0.0952807803865463   
609 8526 0.008360810932485294 5.6756212897930185 0.06322104855895883 7.1538759443217415e-02 0.07707259177434167 0.08141083816679712   
610 8540 0.008332629652507051 5.7020666729019664 0.06322104855895883 6.9903207420592417e-02 0.07848270997046025 0.09161672291671352   
611 8554 0.008188566655724282 5.696102626128777 0.06322104855895883 6.9378439149340387e-02 0.0792834519795495 0.08323958902601858   
612 8568 0.008055139195179594 5.698969256302106 0.06322104855895883 6.7395597301767862e-02 0.07612613300587873 0.08584456848626049   
613 8582 0.007944491773281503 5.740378833798908 0.06322104855895883 6.6991723441346518e-02 0.07350637212405475 0.0874644089444514   
614 8596 0.007673256406190348 5.768882373323816 0.06322104855895883 6.6742546016047011e-02 0.07360037604713443 0.0796732293254045   
615 8610 0.007480040499500775 5.778195670259347 0.06322104855895883 6.4976418314113660e-02 0.07278821672828129 0.07925124481785983   
616 8624 0.0073380541000756085 5.8007110985045856 0.06322104855895883 6.7577210748302585e-02 0.07375517137834176 0.08247204241991779   
617 8638 0.007297818872969528 5.846927262108984 0.06322104855895883 6.5146687006181814e-02 0.07452503492685547 0.08096957838476027   
618 8652 0.007232888956938578 5.88036085225089 0.06322104855895883 6.5358212353653244e-02 0.07276210330259109 0.08335257368162285   
619 8666 0.007123315925649068 5.919847986427911 0.06322104855895883 6.4536553345921344e-02 0.06945199255842188 0.07803115615747902   
620 8680 0.00711145072688032 5.94926422580403 0.06322104855895883 6.5497693458637984e-02 0.07025552586129646 0.07975854420623896   
621 8694 0.0072091155046904555 5.991089114491582 0.06264690687329177 6.2646906873291774e-02 0.07223632050935086 0.0766983360150989   
622 8708 0.007287566864507636 6.020126969623221 0.06264690687329177 6.3270254995234199e-02 0.07085187791983494 0.07912066045140048   
623 8722 0.007340147567211798 6.02450742870089 0.06264690687329177 6.7675422133407270e-02 0.07292442832804136 0.07954834765938756   
624 8736 0.0073587802976290174 6.05118030670061 0.06264690687329177 6.3355049594773338e-02 0.07291676513570289 0.08244655914736299   
625 8750 0.007319549450017974 6.086884307289361 0.06229525274978032 6.2295252749780317e-02 0.07125476127537511 0.07858371008143317   
626 8764 0.007218084047847979 6.120568183846325 0.06229525274978032 6.2303539388613549e-02 0.07258088150438624 0.07890501283356066   
627 8778 0.007140831264251287 6.135772445000737 0.058788630760159166 5.8788630760159166e-02 0.06912799307123318 0.07610219109783523   
628 8792 0.007145324455719137 6.151148663702822 0.058788630760159166 6.0355213982104194e-02 0.07095904319702284 0.07803995887240611   
629 8806 0.007133287582618317 6.178090492896958 0.058788630760159166 6.2652956781659053e-02 0.06646388497248329 0.07260932698083333   
630 8820 0.007111877432417358 6.193572846220018 0.058788630760159166 5.8866924882711280e-02 0.06831765870871764 0.07701516389077812   
631 8834 0.0071333858496952385 6.206530267536722 0.058788630760159166 6.3093261320307570e-02 0.06877861194968049 0.07405798072448688   
632 8848 0.007068846727329522 6.219431635848414 0.058788630760159166 6.0805037597420286e-02 0.06589528187296312 0.07066951258903509   
633 8862 0.0070717927781929835 6.253871523510193 0.058788630760159166 6.1972503930016853e-02 0.06770970601568704 0.07473656886187163   
634 8876 0.0071466388930291605 6.279795335055282 0.058788630760159166 6.3824706576118828e-02 0.0678182246927922 0.07311574608307858   
635 8890 0.0071754318233742355 6.3003526436884245 0.058788630760159166 6.4252196986600785e-02 0.07024988744008098 0.08515429534640695   
636 8904 0.007108209823944232 6.336445963086773 0.058788630760159166 6.5107484259287252e-02 0.07028925794608154 0.07970491055120987   
637 8918 0.007048550965302646 6.359240835952588 0.058788630760159166 6.0961378917736120e-02 0.06775279889505104 0.08167825179832255   
638 8932 0.00701097551327585 6.363304163097891 0.058788630760159166 5.9162313294521152e-02 0.06977427416152981 0.07584602904411841   
639 8946 0.0068879061925997435 6.388534049047167 0.058788630760159166 6.2912462257209034e-02 0.06787269888068592 0.07320698321582975   
640 8960 0.006739240349700863 6.417481526449729 0.058788630760159166 6.0905907841426909e-02 0.06850299682817207 0.07609462352951946   
641 8974 0.006738943995536514 6.422850421776455 0.058788630760159166 6.3614456079426507e-02 0.06808474101606943 0.07336144347999907   
642 8988 0.00675175449758481 6.457616386047009 0.058788630760159166 6.2315906886627026e-02 0.07075123343715295 0.07625940969208478   
643 9002 0.006703864314590635 6.511185169804283 0.058788630760159166 6.4249996064100090e-02 0.06958374996125538 0.07572333149355948   
644 9016 0.006680962754442517 6.542769137710126 0.058788630760159166 6.2983205624457028e-02 0.06894722516833174 0.0784805733797006   
645 9030 0.006586962643165209 6.573770186117933 0.058788630760159166 6.4461146283710802e-02 0.06994644733113253 0.07734897177054678   
646 9044 0.006461131888635604 6.595879257457058 0.058788630760159166 6.2218395313656805e-02 0.07094103967850562 0.0758560269459233   
647 9058 0.006361959970208149 6.620804114990912 0.058788630760159166 6.0991386162253747e-02 0.06717545273140335 0.07480053384611973   
648 9072 0.006162856528831634 6.623768687188046 0.058788630760159166 6.1464327946856856e-02 0.0650437918987894 0.07585903997408228   
649 9086 0.005885674620179797 6.640132871783615 0.058788630760159166 6.1661917609830641e-02 0.06861718561962649 0.07122498087837181   
650 9100 0.0057186472162477405 6.673301261137767 0.058788630760159166 5.9382874238535277e-02 0.06739711296495832 0.07563711224279324   
651 9114 0.005502462180332637 6.7036360353434405 0.05870563054775446 5.8705630547754462e-02 0.06407977565410572 0.07148320410476328   
652 9128 0.0054144227106941835 6.739183612034963 0.05870563054775446 6.1937172751214242e-02 0.06731720943748443 0.07373830886211452   
653 9142 0.005326542436337158 6.7735195248312845 0.05870563054775446 6.0336885061319623e-02 0.0653712484655593 0.07646663493694561   
654 9156 0.005272039818534518 6.789694243093772 0.05870563054775446 5.9968293391222227e-02 0.06554963575201822 0.07222167064926044   
655 9170 0.0051538821404844195 6.827366601244461 0.05870563054775446 6.1494163962835913e-02 0.06536505962230099 0.07404424524744335   
656 9184 0.005064312699649991 6.835102276512907 0.05870563054775446 5.9409589125212880e-02 0.06560698202939341 0.06885777009267724   
657 9198 0.0050453381469056455 6.848018989524629 0.0580753271141069 5.8075327114106901e-02 0.06430022950928038 0.06935783692555741   
658 9212 0.004931132232862744 6.850407075839969 0.0580753271141069 5.8667252126205272e-02 0.06472920124869352 0.07043375604894275   
659 9226 0.004921647966445878 6.865911273896514 0.0580753271141069 5.9372428948972544e-02 0.06296874491443072 0.07387910245513107   
660 9240 0.005008763527717153 6.88089033318255 0.0580753271141069 5.9635695861387505e-02 0.06401925220146154 0.06881663828546813   
661 9254 0.005035271872893856 6.874773535306833 0.0580753271141069 6.0671203453563471e-02 0.06571732500297256 0.06821147314404086   
662 9268 0.005071873808861479 6.893708878364691 0.0580753271141069 6.0522191704961759e-02 0.0649702601066745 0.06860301327937035   
663 9282 0.005040305740101995 6.947510159319425 0.0580753271141069 6.1860371760148025e-02 0.06666683138951435 0.07523110899644436   
664 9296 0.004950042027890489 6.972290331997056 0.0580753271141069 6.0484023640289930e-02 0.06391871705456642 0.07105590830158637   
665 9310 0.004904571364373668 7.024191767758588 0.05722403437143253 5.7224034371432531e-02 0.0630268808019201 0.07258194028635812   
666 9324 0.004863742537902499 7.039012221019487 0.05722403437143253 5.9532378047109313e-02 0.06256846500622781 0.06444070748599806   
667 9338 0.004832424916068891 7.052522392242215 0.05722403437143253 5.9250707020796489e-02 0.06339551571680158 0.06533374370272216   
668 9352 0.004796264334301579 7.041849712414405 0.05722403437143253 5.9016224779603443e-02 0.06421928007432598 0.0691860652612768   
669 9366 0.0047087821525973175 7.0578312669010765 0.05722403437143253 5.8222039789713409e-02 0.06268026502033974 0.06845350824279517   
670 9380 0.004656582880872424 7.062460394152549 0.05722403437143253 5.8168261273689570e-02 0.06370192780590589 0.07472645488327334   
671 9394 0.004616084565174048 7.078644241450957 0.05722403437143253 5.7719252979217761e-02 0.06193596574254134 0.07393501991034312   
672 9408 0.004637387611849202 7.109570770404581 0.05722403437143253 5.8914278651532759e-02 0.06276354946710472 0.0658307855828465   
673 9422 0.004783512103250557 7.14948476000783 0.05722403437143253 5.9596198884147689e-02 0.0629248528704629 0.07063797722760723   
674 9436 0.004955511892005504 7.199675933040269 0.05722403437143253 5.7286161235577171e-02 0.062145589765537856 0.06829481146714245   
675 9450 0.005106465801600491 7.219678672705975 0.05722403437143253 5.8455480842891205e-02 0.061586161669691886 0.06581891739310686   
676 9464 0.005221376367452471 7.262515252805658 0.05722403437143253 5.8122973357880192e-02 0.06282890421788301 0.06752699516694849   
677 9478 0.005290089808953145 7.264979413616006 0.05722403437143253 6.0313916942167811e-02 0.06547793533176594 0.06855390619423618   
678 9492 0.005400113113211021 7.249213155306547 0.05722403437143253 5.8071930184029397e-02 0.06379096789668959 0.06979773083087626   
679 9506 0.0054636654457588425 7.267625020488501 0.05722403437143253 5.9469005680347409e-02 0.06309253090537448 0.06536626546012819   
680 9520 0.005467891369078607 7.2881024484094645 0.05665355610840683 5.6653556108406833e-02 0.0644973955391912 0.07312810830087774   
681 9534 0.005409618393104016 7.2875171930907765 0.05665355610840683 5.7339484411730535e-02 0.06451914815950771 0.06942767803340444   
682 9548 0.005278713727164689 7.326976308544364 0.05665355610840683 5.7912989199488396e-02 0.06309357888940531 0.07083642496158021   
683 9562 0.0051395719600041715 7.3259517837909796 0.05665355610840683 5.9194852484923011e-02 0.06395597232399375 0.06822914587479628   
684 9576 0.0050987300129853984 7.34375054309346 0.05627373899433202 5.6273738994332023e-02 0.06225803080451231 0.06808198667284215   
685 9590 0.004960835708608657 7.341871746056681 0.05627373899433202 5.7323951665234796e-02 0.061148451418692185 0.06926738363428875   
686 9604 0.0047914331407448996 7.376730922026816 0.05627373899433202 5.7711978971102806e-02 0.06037148290994854 0.06359867186380036   
687 9618 0.004683131383625303 7.390795056350301 0.05627373899433202 5.7532395599530328e-02 0.06068675523291561 0.06549557704003928   
688 9632 0.004581001536053258 7.411346814022117 0.05570319471040086 5.5703194710400861e-02 0.062399867125820074 0.06698225800651725   
689 9646 0.004443019284812667 7.44719872623965 0.05570319471040086 5.8647456882263749e-02 0.06245310853909025 0.06503899826977932   
690 9660 0.004328124219461679 7.441080370523533 0.05570319471040086 5.6154531658791695e-02 0.06210953896072563 0.06599357702806036   
691 9674 0.004293758571764583 7.46764217854874 0.05570319471040086 5.6575035659883866e-02 0.059789798117286186 0.061916068523572676   
692 9688 0.0042885229634967445 7.490444920002128 0.05570319471040086 5.7830199945676175e-02 0.060708249107829126 0.0638824005057178   
693 9702 0.004331475888371035 7.553642945432343 0.05509546701464285 5.5095467014642852e-02 0.060900475679921795 0.06299630548201718   
694 9716 0.004379087919696179 7.572164168549837 0.05509546701464285 5.5493552158310755e-02 0.06001604644810343 0.0664955791110805   
695 9730 0.004297089986907635 7.580504901129095 0.05509546701464285 5.6145543335248904e-02 0.06049888629447753 0.06657238395386444   
696 9744 0.00423921480077455 7.617407361349799 0.05509546701464285 5.6533740242661668e-02 0.05958971460520607 0.06475117460676205   
697 9758 0.00420579620765114 7.643692043757951 0.05509546701464285 5.6061750227187512e-02 0.05981835082824988 0.062923581518053   
698 9772 0.00413822599007996 7.708534557897232 0.05509546701464285 5.5358001629159159e-02 0.0585958924370954 0.06254783418581822   
699 9786 0.004151309440882977 7.744201173985781 0.05509546701464285 5.7038244666271720e-02 0.060780863220046055 0.061853680510668085   
700 9800 0.004184500048390669 7.7963560811049195 0.05509546701464285 5.9203560377194320e-02 0.06225684543594345 0.06617549625036012   
701 9814 0.004203391853581351 7.848871535562121 0.05509546701464285 5.5449234325117502e-02 0.060395983710601064 0.06554572718459462   
702 9828 0.004216616828185324 7.885960512018702 0.05509546701464285 5.5143856979427475e-02 0.06157714847093565 0.0664236341727864   
703 9842 0.004181423511675157 7.907074144335277 0.05509546701464285 5.6151145749983145e-02 0.060073374000101376 0.06806183719374015   
704 9856 0.004128787324694754 7.949167463436745 0.05509546701464285 5.6909609731757516e-02 0.0590896150862561 0.06332753116095391   
705 9870 0.004145159559764837 7.95088948530744 0.05509546701464285 5.7182862152422964e-02 0.05972795752301652 0.06564362320920158   
706 9884 0.004169970684345788 7.983425690736994 0.05509546701464285 5.6090002640357572e-02 0.05911968623864894 0.06264564559130847   
707 9898 0.004227748491856995 8.018226519788762 0.0549717876424779 5.4971787642477898e-02 0.058667888544845614 0.06436648424672553   
708 9912 0.004330535065700784 8.034609862660085 0.0549717876424779 5.5646058066329052e-02 0.060085316024458435 0.06335036001526673   
709 9926 0.004420411530281673 8.074806390330458 0.0549717876424779 5.5962831933219048e-02 0.05956228087547921 0.06464558004281895   
710 9940 0.004488355006630883 8.102087726313872 0.0549717876424779 5.5662276676941347e-02 0.059220872114260636 0.06386440154892126   
711 9954 0.004562472951406248 8.128654680823404 0.0549717876424779 5.5479776478658094e-02 0.05877922228798438 0.06289268988551067   
712 9968 0.004547415438829168 8.12032883247422 0.0549717876424779 5.7380895094461537e-02 0.061146350931923 0.06394814554746975   
713 9982 0.004462044130361453 8.160887908770704 0.0549717876424779 5.6502384385580084e-02 0.06005618470633456 0.06359857990553841   
714 9996 0.004383938254200235 8.185772589206541 0.0549717876424779 5.6383356848898503e-02 0.05927676902337298 0.06312433169017029   
715 10010 0.004407549187637664 8.205244375573242 0.0549717876424779 5.5621349923295815e-02 0.05971655877221416 0.06432584342705339   
